
sea_area = { 
    provinces = { 5 6 7 8 9 10 14 15 16 17 18 19 20 54 55 56 57 58 59 60 61 62 63 64 65 66 67 68 69 70 71 72 
				  121 122 123 124 125 126 127 128 129 130 131 132 133 134 135 136 137 138 139 140 141 142 143 
				  144 145 146 147 148 149 150 151 152 153 154 155 156 157 158 159 160 161 162 163 164 165 166 
				  167 168 169 170 171 172 173 174 175 181 182 183 184 185 186 187 188 189 190 191 192 193 194 
				  195 196 197 198 199 200 201 202 203 204 205 }
}

tmp_area = { 
    provinces = { 119 120 206 207 208 209 210 211 212 213  
				  216 217 218 219 220 221 222 223 224 225 
				  228 229 230 231 232 233 234 235 236 237 
				  240 241 242 243 244 245 246 247 248 249 
				  214 215 226 238 239 227 250 251 252 253 
				  254 255 256 257 258 259 260 }    
}

corsica_area = { 
    provinces = { 101 102 103 104 105 106 107 108 109 110 111 112 }    
}

olbia_area = { 
    provinces = { 85 86 87 88 89 90 92 93 96 100 }    
}

turris_area = { 
    provinces = { 97 98 94 80 91 95 99 }    
}

sulci_area = { 
    provinces = { 76 75 74 77 79 78 }    
}

caralis_area = { 
    provinces = { 53 73 81 82 83 84 }    
}

syracuse_area = { 
    provinces = { 11 12 13 30 28 36 26 }    
}

messina_area = { 
    provinces = { 21 22 25 27 23 24 }    
}

sicelia_area = { 
    provinces = { 31 37 35 29 32 34 33 }    
}

elymia_area = { 
    provinces = { 50 48 49 47 46 45 }    
}

sicania_area = { 
    provinces = { 38 39 40 41 42 43 44 }    
}
