object={
	name="tree_africa_generator_1_0"
	clamp_to_water_level=no
	render_under_water=no
	generated_content=yes
	layer="tree_layer"
	pdxmesh="tree_olive_01_mesh"
	count=760
	transform="2839.325684 0.000000 1671.723999 0.000000 0.582881 0.000000 -0.812558 0.976444 0.976444 0.976444
2840.928467 0.000000 1671.273315 0.000000 0.717846 0.000000 -0.696202 0.933846 0.933846 0.933846
2866.584229 0.000000 1722.208130 0.000000 0.311937 0.000000 0.950103 0.450733 0.450733 0.450733
2868.155762 0.000000 1723.876343 0.000000 0.675365 0.000000 -0.737484 0.947990 0.947990 0.947990
2853.594971 0.000000 1696.477173 0.000000 0.982496 0.000000 0.186281 0.705267 0.705267 0.705267
2852.432373 0.000000 1697.795166 0.000000 0.578277 0.000000 -0.815840 0.977794 0.977794 0.977794
2869.751709 0.000000 1723.014771 0.000000 0.697239 0.000000 0.716839 0.559191 0.559191 0.559191
2827.296387 0.000000 1752.979126 0.000000 0.620436 0.000000 -0.784257 0.965217 0.965217 0.965217
2844.404297 0.000000 1758.778687 0.000000 0.972435 0.000000 0.233172 0.693817 0.693817 0.693817
2829.331543 0.000000 1753.431885 0.000000 0.672971 0.000000 -0.739668 0.948763 0.948763 0.948763
2847.977539 0.000000 1758.269775 0.000000 0.955391 0.000000 0.295345 0.678424 0.678424 0.678424
2862.444580 0.000000 1739.360352 0.000000 0.516312 0.000000 -0.856400 0.995478 0.995478 0.995478
2867.186523 0.000000 1748.514526 0.000000 0.541579 0.000000 -0.840650 0.988370 0.988370 0.988370
2832.613770 0.000000 1770.055664 0.000000 0.937060 0.000000 0.349168 0.664848 0.664848 0.664848
2835.218750 0.000000 1776.005371 0.000000 0.747342 0.000000 -0.664439 0.923497 0.923497 0.923497
2847.637207 0.000000 1784.758301 0.000000 0.029625 0.000000 0.999561 0.382074 0.382074 0.382074
2837.746338 0.000000 1777.493530 0.000000 0.574751 0.000000 -0.818328 0.978824 0.978824 0.978824
2830.448486 0.000000 1771.352539 0.000000 0.998248 0.000000 -0.059166 0.764133 0.764133 0.764133
2833.997559 0.000000 1768.020630 0.000000 0.013592 0.000000 -0.999908 1.121755 1.121755 1.121755
2836.912109 0.000000 1774.400024 0.000000 0.772016 0.000000 -0.635603 0.914436 0.914436 0.914436
2834.622070 0.000000 1777.762085 0.000000 0.948258 0.000000 0.317500 0.672868 0.672868 0.672868
2873.643799 0.000000 1778.049316 0.000000 0.077410 0.000000 0.996999 0.393499 0.393499 0.393499
2868.843506 0.000000 1763.709351 0.000000 0.929890 0.000000 -0.367837 0.839926 0.839926 0.839926
2850.334473 0.000000 1787.369507 0.000000 0.971139 0.000000 0.238516 0.692504 0.692504 0.692504
2873.393066 0.000000 1789.758179 0.000000 0.590705 0.000000 0.806888 0.525863 0.525863 0.525863
2853.237793 0.000000 1789.782959 0.000000 0.617556 0.000000 -0.786527 0.966092 0.966092 0.966092
2849.062988 0.000000 1784.301758 0.000000 0.999044 0.000000 -0.043724 0.760442 0.760442 0.760442
2873.269531 0.000000 1786.845459 0.000000 0.666780 0.000000 0.745254 0.549246 0.549246 0.549246
2850.445557 0.000000 1789.840332 0.000000 0.038354 0.000000 0.999264 0.384158 0.384158 0.384158
2866.665283 0.000000 1763.519775 0.000000 0.941411 0.000000 -0.337261 0.832125 0.832125 0.832125
2872.120605 0.000000 1788.349487 0.000000 0.333730 0.000000 -0.942669 1.043769 1.043769 1.043769
2873.926758 0.000000 1779.433350 0.000000 0.935236 0.000000 -0.354025 0.836390 0.836390 0.836390
2848.065430 0.000000 1785.178345 0.000000 0.968899 0.000000 0.247458 0.690304 0.690304 0.690304
2682.996826 0.000000 2004.387695 0.000000 0.276936 0.000000 0.960888 0.441989 0.441989 0.441989
2683.803223 0.000000 2007.045776 0.000000 0.664407 0.000000 -0.747371 0.951513 0.951513 0.951513
2711.811279 0.000000 1994.487305 0.000000 0.304866 0.000000 0.952395 0.448959 0.448959 0.448959
2706.274414 0.000000 2006.474487 0.000000 0.924150 0.000000 -0.382029 0.843581 0.843581 0.843581
2708.863037 0.000000 1987.654663 0.000000 0.825721 0.000000 -0.564079 0.893076 0.893076 0.893076
2717.310303 0.000000 1990.993530 0.000000 0.693646 0.000000 0.720316 0.557998 0.557998 0.557998
2717.169922 0.000000 1997.240601 0.000000 0.997876 0.000000 -0.065145 0.765563 0.765563 0.765563
2713.042236 0.000000 1989.337036 0.000000 0.723836 0.000000 -0.689972 0.931783 0.931783 0.931783
2708.384033 0.000000 1991.871948 0.000000 0.761547 0.000000 0.648110 0.581670 0.581670 0.581670
2717.838623 0.000000 1987.027588 0.000000 0.307864 0.000000 0.951430 0.449711 0.449711 0.449711
2715.395020 0.000000 1994.162231 0.000000 0.747080 0.000000 -0.664734 0.923591 0.923591 0.923591
2692.703125 0.000000 1990.774536 0.000000 0.370306 0.000000 -0.928910 1.034440 1.034440 1.034440
2712.455811 0.000000 1985.999634 0.000000 0.958672 0.000000 0.284513 0.681126 0.681126 0.681126
2713.938965 0.000000 1997.020386 0.000000 0.548492 0.000000 0.836156 0.513598 0.513598 0.513598
2711.341309 0.000000 1991.645874 0.000000 0.926006 0.000000 -0.377508 0.842414 0.842414 0.842414
2718.647705 0.000000 1984.206787 0.000000 0.539305 0.000000 -0.842110 0.989015 0.989015 0.989015
2708.980225 0.000000 2007.171875 0.000000 0.489990 0.000000 0.871728 0.497250 0.497250 0.497250
2714.621826 0.000000 1991.559082 0.000000 0.267567 0.000000 -0.963539 1.060335 1.060335 1.060335
2714.927002 0.000000 1987.155273 0.000000 0.866505 0.000000 -0.499169 0.874771 0.874771 0.874771
2707.444824 0.000000 1989.633057 0.000000 0.432285 0.000000 0.901737 0.481719 0.481719 0.481719
2709.879395 0.000000 1989.813965 0.000000 0.964230 0.000000 -0.265068 0.814046 0.814046 0.814046
2710.527588 0.000000 1996.518555 0.000000 0.384949 0.000000 0.922938 0.469336 0.469336 0.469336
2706.013184 0.000000 1991.965942 0.000000 0.557473 0.000000 -0.830195 0.983828 0.983828 0.983828
2715.735352 0.000000 1989.356812 0.000000 0.955902 0.000000 0.293687 0.678838 0.678838 0.678838
2711.249023 0.000000 1987.968628 0.000000 0.713764 0.000000 0.700386 0.564758 0.564758 0.564758
2710.126709 0.000000 1985.924805 0.000000 0.562599 0.000000 0.826730 0.517649 0.517649 0.517649
2718.773193 0.000000 1995.532837 0.000000 0.495314 0.000000 0.868714 0.498710 0.498710 0.498710
2713.468262 0.000000 1993.234131 0.000000 0.749050 0.000000 -0.662514 0.922883 0.922883 0.922883
2693.605713 0.000000 1992.476318 0.000000 0.593194 0.000000 -0.805059 0.973400 0.973400 0.973400
2715.631592 0.000000 1996.116455 0.000000 0.385357 0.000000 -0.922768 1.030559 1.030559 1.030559
2713.614990 0.000000 1995.224609 0.000000 0.922268 0.000000 -0.386550 0.844750 0.844750 0.844750
2716.186523 0.000000 1992.490479 0.000000 0.640747 0.000000 0.767752 0.541031 0.541031 0.541031
2717.046875 0.000000 1994.940186 0.000000 0.825512 0.000000 0.564384 0.606835 0.606835 0.606835
2713.241455 0.000000 1987.636108 0.000000 0.090152 0.000000 -0.995928 1.103449 1.103449 1.103449
2712.129639 0.000000 1997.247803 0.000000 0.213625 0.000000 -0.976916 1.073605 1.073605 1.073605
2718.905762 0.000000 1997.415527 0.000000 0.659172 0.000000 -0.751992 0.953180 0.953180 0.953180
2712.944092 0.000000 1991.195190 0.000000 0.014422 0.000000 0.999896 0.378443 0.378443 0.378443
2717.239746 0.000000 1988.609497 0.000000 0.081250 0.000000 -0.996694 1.105582 1.105582 1.105582
2709.937012 0.000000 1992.482300 0.000000 0.998500 0.000000 0.054745 0.736924 0.736924 0.736924
2711.486084 0.000000 1989.939575 0.000000 0.966108 0.000000 0.258137 0.687669 0.687669 0.687669
2692.093262 0.000000 1992.199707 0.000000 0.473263 0.000000 0.880921 0.492693 0.492693 0.492693
2711.204102 0.000000 1984.857056 0.000000 0.984478 0.000000 0.175508 0.707882 0.707882 0.707882
2714.378174 0.000000 1988.664429 0.000000 0.229869 0.000000 -0.973222 1.069628 1.069628 1.069628
2716.328369 0.000000 1987.482422 0.000000 0.888189 0.000000 -0.459479 0.863973 0.863973 0.863973
2714.245850 0.000000 1990.165405 0.000000 0.077316 0.000000 0.997007 0.393476 0.393476 0.393476
2711.958740 0.000000 1992.904053 0.000000 0.655241 0.000000 -0.755420 0.954425 0.954425 0.954425
2715.886963 0.000000 1990.933228 0.000000 0.994749 0.000000 0.102346 0.725524 0.725524 0.725524
2708.565918 0.000000 1990.475098 0.000000 0.986792 0.000000 -0.161991 0.788844 0.788844 0.788844
2710.310547 0.000000 1995.102051 0.000000 0.916072 0.000000 -0.401013 0.848506 0.848506 0.848506
2719.075439 0.000000 1987.861206 0.000000 0.830883 0.000000 -0.556447 0.890877 0.890877 0.890877
2708.090820 0.000000 1993.249634 0.000000 0.811926 0.000000 0.583761 0.601185 0.601185 0.601185
2717.830078 0.000000 1992.266113 0.000000 0.323090 0.000000 -0.946368 1.046459 1.046459 1.046459
2708.753662 0.000000 1989.053589 0.000000 0.515821 0.000000 0.856697 0.504385 0.504385 0.504385
2710.654541 0.000000 1993.695190 0.000000 0.798059 0.000000 -0.602579 0.904395 0.904395 0.904395
2711.721680 0.000000 1995.836060 0.000000 0.214235 0.000000 0.976782 0.426544 0.426544 0.426544
2709.780273 0.000000 1991.143921 0.000000 0.576536 0.000000 0.817072 0.521697 0.521697 0.521697
2714.926758 0.000000 1992.868652 0.000000 0.911630 0.000000 0.411011 0.648882 0.648882 0.648882
2710.064453 0.000000 1988.539185 0.000000 0.897154 0.000000 -0.441719 0.859223 0.859223 0.859223
2711.258545 0.000000 1986.668579 0.000000 0.322805 0.000000 -0.946465 1.046530 1.046530 1.046530
2710.096924 0.000000 1987.237183 0.000000 0.774707 0.000000 0.632320 0.586577 0.586577 0.586577
2716.705811 0.000000 1993.694092 0.000000 0.480494 0.000000 0.876998 0.494657 0.494657 0.494657
2716.900879 0.000000 1989.821289 0.000000 0.999974 0.000000 -0.007204 0.751720 0.751720 0.751720
2719.057617 0.000000 1994.349365 0.000000 0.998251 0.000000 0.059117 0.735879 0.735879 0.735879
2714.224365 0.000000 1994.121948 0.000000 0.967038 0.000000 -0.254631 0.811466 0.811466 0.811466
2714.748779 0.000000 1995.335449 0.000000 0.999977 0.000000 -0.006716 0.751603 0.751603 0.751603
2713.689209 0.000000 1986.582520 0.000000 0.998471 0.000000 -0.055275 0.763203 0.763203 0.763203
2711.971436 0.000000 1988.889771 0.000000 0.721423 0.000000 0.692495 0.567384 0.567384 0.567384
2712.903809 0.000000 1994.255493 0.000000 0.695304 0.000000 0.718716 0.558548 0.558548 0.558548
2715.398682 0.000000 1988.201416 0.000000 0.978461 0.000000 -0.206433 0.799639 0.799639 0.799639
2712.250244 0.000000 1987.156372 0.000000 0.730375 0.000000 0.683047 0.570491 0.570491 0.570491
2739.512207 0.000000 2014.025879 0.000000 0.442396 0.000000 0.896820 0.484404 0.484404 0.484404
2727.693115 0.000000 1992.412842 0.000000 0.249042 0.000000 -0.968493 1.064913 1.064913 1.064913
2722.350098 0.000000 2011.314819 0.000000 0.085937 0.000000 -0.996301 1.104459 1.104459 1.104459
2749.166016 0.000000 1997.240601 0.000000 0.765594 0.000000 -0.643324 0.916834 0.916834 0.916834
2724.040771 0.000000 1987.472778 0.000000 0.174987 0.000000 0.984571 0.416991 0.416991 0.416991
2729.057861 0.000000 1987.929321 0.000000 0.314420 0.000000 -0.949284 1.048642 1.048642 1.048642
2751.395264 0.000000 2000.978760 0.000000 0.812227 0.000000 0.583342 0.601309 0.601309 0.601309
2723.891113 0.000000 1993.948975 0.000000 0.354448 0.000000 -0.935076 1.038502 1.038502 1.038502
2720.043457 0.000000 1995.415283 0.000000 0.990563 0.000000 -0.137056 0.782823 0.782823 0.782823
2719.922852 0.000000 1987.621460 0.000000 0.732457 0.000000 -0.680814 0.928780 0.928780 0.928780
2724.699219 0.000000 1990.774536 0.000000 0.935957 0.000000 0.352113 0.664097 0.664097 0.664097
2748.294678 0.000000 2000.281494 0.000000 0.538188 0.000000 0.842825 0.510668 0.510668 0.510668
2736.336426 0.000000 2013.422974 0.000000 0.842246 0.000000 0.539093 0.614075 0.614075 0.614075
2726.621826 0.000000 1986.405396 0.000000 0.303146 0.000000 -0.952944 1.051472 1.051472 1.051472
2726.657959 0.000000 1989.131104 0.000000 0.193101 0.000000 -0.981179 1.078609 1.078609 1.078609
2742.523682 0.000000 1996.518555 0.000000 0.970616 0.000000 -0.240634 0.808017 0.808017 0.808017
2726.302490 0.000000 1994.272583 0.000000 0.999318 0.000000 0.036932 0.741181 0.741181 0.741181
2724.720459 0.000000 2011.489136 0.000000 0.005778 0.000000 -0.999983 1.123621 1.123621 1.123621
2722.310303 0.000000 1996.119995 0.000000 0.196973 0.000000 0.980409 0.422333 0.422333 0.422333
2750.374268 0.000000 1999.071777 0.000000 0.720752 0.000000 0.693193 0.567153 0.567153 0.567153
2751.056396 0.000000 2003.347168 0.000000 0.881457 0.000000 0.472265 0.632577 0.632577 0.632577
2725.601807 0.000000 1992.476318 0.000000 0.486696 0.000000 0.873572 0.496348 0.496348 0.496348
2737.741455 0.000000 2014.760742 0.000000 0.679382 0.000000 -0.733785 0.946686 0.946686 0.946686
2722.225586 0.000000 1987.424927 0.000000 0.933839 0.000000 0.357694 0.662672 0.662672 0.662672
2727.927002 0.000000 1995.142944 0.000000 0.011049 0.000000 -0.999939 1.122362 1.122362 1.122362
2726.530518 0.000000 1990.975586 0.000000 0.579951 0.000000 -0.814651 0.977304 0.977304 0.977304
2750.901855 0.000000 1997.415527 0.000000 0.858091 0.000000 0.513498 0.621262 0.621262 0.621262
2721.450928 0.000000 1997.672119 0.000000 0.417662 0.000000 0.908602 0.477863 0.477863 0.477863
2749.670898 0.000000 2001.160522 0.000000 0.576712 0.000000 0.816948 0.521748 0.521748 0.521748
2725.597900 0.000000 1987.880127 0.000000 0.931926 0.000000 0.362648 0.661405 0.661405 0.661405
2727.415283 0.000000 1987.793213 0.000000 0.906246 0.000000 -0.422750 0.854201 0.854201 0.854201
2724.089355 0.000000 1992.199707 0.000000 0.329550 0.000000 0.944138 0.455173 0.455173 0.455173
2722.588135 0.000000 1994.600830 0.000000 0.842371 0.000000 -0.538898 0.885870 0.885870 0.885870
2723.065918 0.000000 1986.188599 0.000000 0.305207 0.000000 -0.952286 1.050956 1.050956 1.050956
2725.237305 0.000000 1989.453003 0.000000 0.886077 0.000000 -0.463538 0.865065 0.865065 0.865065
2748.953857 0.000000 1998.900146 0.000000 0.989398 0.000000 0.145227 0.715207 0.715207 0.715207
2726.036621 0.000000 1995.742188 0.000000 0.998390 0.000000 0.056725 0.736451 0.736451 0.736451
2724.982910 0.000000 1994.794678 0.000000 0.758679 0.000000 0.651464 0.580616 0.580616 0.580616
2720.372314 0.000000 1996.816406 0.000000 0.904016 0.000000 0.427500 0.644546 0.644546 0.644546
2727.937744 0.000000 1993.767700 0.000000 0.554698 0.000000 0.832052 0.515375 0.515375 0.515375
2742.242432 0.000000 1997.959839 0.000000 0.196185 0.000000 0.980567 0.422141 0.422141 0.422141
2721.376709 0.000000 1995.166138 0.000000 0.594513 0.000000 0.804086 0.526991 0.526991 0.526991
2723.558350 0.000000 1995.531250 0.000000 0.891706 0.000000 -0.452615 0.862132 0.862132 0.862132
2750.599854 0.000000 2002.088379 0.000000 0.584361 0.000000 0.811494 0.523991 0.523991 0.523991
2721.003174 0.000000 1986.923096 0.000000 0.339986 0.000000 0.940430 0.457817 0.457817 0.457817
2725.346191 0.000000 1986.582642 0.000000 0.498969 0.000000 -0.866620 1.000284 1.000284 1.000284
2720.528320 0.000000 1994.247925 0.000000 0.895051 0.000000 0.445964 0.639646 0.639646 0.639646
2725.168945 0.000000 1993.606812 0.000000 0.020781 0.000000 0.999784 0.379961 0.379961 0.379961
2726.679443 0.000000 1993.098267 0.000000 0.806108 0.000000 0.591769 0.598822 0.598822 0.598822
2749.928711 0.000000 1998.059448 0.000000 0.337330 0.000000 -0.941386 1.042857 1.042857 1.042857
2740.859131 0.000000 2019.646851 0.000000 0.252847 0.000000 -0.967506 1.063975 1.063975 1.063975
2724.040771 0.000000 2019.464966 0.000000 0.949731 0.000000 0.313069 0.673982 0.673982 0.673982
2737.530029 0.000000 2015.630615 0.000000 0.261346 0.000000 -0.965245 1.061875 1.061875 1.061875
2739.781494 0.000000 2017.067017 0.000000 0.782966 0.000000 0.622064 0.589721 0.589721 0.589721
2738.680908 0.000000 2019.457275 0.000000 0.999957 0.000000 0.009264 0.747788 0.747788 0.747788
2725.610596 0.000000 2016.399048 0.000000 0.998922 0.000000 0.046422 0.738914 0.738914 0.738914
2724.447998 0.000000 2017.717041 0.000000 0.535120 0.000000 -0.844776 0.990200 0.990200 0.990200
2725.597900 0.000000 2019.872314 0.000000 0.976953 0.000000 0.213452 0.698647 0.698647 0.698647
2738.947266 0.000000 2015.727417 0.000000 0.495562 0.000000 -0.868573 1.001222 1.001222 1.001222
2752.652100 0.000000 2005.021362 0.000000 0.517481 0.000000 -0.855695 0.995152 0.995152 0.995152
2770.266602 0.000000 2006.474487 0.000000 0.913978 0.000000 0.405763 0.650254 0.650254 0.650254
2754.959717 0.000000 1998.308594 0.000000 0.143131 0.000000 -0.989704 1.090712 1.090712 1.090712
2754.346191 0.000000 2011.314819 0.000000 0.906143 0.000000 -0.422971 0.854260 0.854260 0.854260
2766.923828 0.000000 2010.773438 0.000000 0.683947 0.000000 -0.729532 0.945197 0.945197 0.945197
2781.708496 0.000000 2005.130371 0.000000 0.503811 0.000000 -0.863814 0.998948 0.998948 0.998948
2758.668701 0.000000 2010.125122 0.000000 0.962635 0.000000 0.270801 0.684534 0.684534 0.684534
2756.379395 0.000000 2006.674316 0.000000 0.752891 0.000000 0.658145 0.578506 0.578506 0.578506
2752.039551 0.000000 1995.415283 0.000000 0.551101 0.000000 0.834438 0.514344 0.514344 0.514344
2757.249512 0.000000 2013.728271 0.000000 0.690611 0.000000 -0.723227 0.943006 0.943006 0.943006
2751.859619 0.000000 2001.322998 0.000000 0.980321 0.000000 -0.197409 0.797440 0.797440 0.797440
2755.091553 0.000000 2002.176147 0.000000 0.595585 0.000000 -0.803292 0.972690 0.972690 0.972690
2766.518066 0.000000 2007.369751 0.000000 0.178975 0.000000 -0.983854 1.082041 1.082041 1.082041
2753.074707 0.000000 2008.247070 0.000000 0.998604 0.000000 -0.052820 0.762616 0.762616 0.762616
2772.972412 0.000000 2007.171875 0.000000 0.377873 0.000000 0.925857 0.467508 0.467508 0.467508
2757.246826 0.000000 2003.977173 0.000000 0.435603 0.000000 0.900139 0.482599 0.482599 0.482599
2751.829834 0.000000 1998.120972 0.000000 0.754379 0.000000 0.656439 0.579046 0.579046 0.579046
2778.985107 0.000000 2004.387695 0.000000 0.656779 0.000000 -0.754083 0.953939 0.953939 0.953939
2756.210449 0.000000 2009.228149 0.000000 0.448205 0.000000 0.893931 0.485952 0.485952 0.485952
2759.603760 0.000000 2012.541138 0.000000 0.898480 0.000000 -0.439014 0.858504 0.858504 0.858504
2779.791504 0.000000 2007.045776 0.000000 0.393011 0.000000 -0.919534 1.028575 1.028575 1.028575
2754.457275 0.000000 2013.785645 0.000000 0.582379 0.000000 0.812918 0.523408 0.523408 0.523408
2768.451904 0.000000 2008.885498 0.000000 0.359235 0.000000 0.933247 0.462722 0.462722 0.462722
2754.972168 0.000000 2004.651855 0.000000 0.643179 0.000000 -0.765715 0.958211 0.958211 0.958211
2756.716553 0.000000 2011.489136 0.000000 0.209616 0.000000 0.977784 0.425416 0.425416 0.425416
2753.889648 0.000000 2000.252686 0.000000 0.630417 0.000000 0.776257 0.537837 0.537837 0.537837
2772.552246 0.000000 2009.327637 0.000000 0.917843 0.000000 -0.396943 0.847447 0.847447 0.847447
2753.207764 0.000000 2002.894897 0.000000 0.929126 0.000000 -0.369764 0.840421 0.840421 0.840421
2754.242432 0.000000 2006.567505 0.000000 0.661610 0.000000 -0.749848 0.952405 0.952405 0.952405
2770.798340 0.000000 2008.265015 0.000000 0.941022 0.000000 0.338347 0.667599 0.667599 0.667599
2768.781982 0.000000 2010.723145 0.000000 0.946316 0.000000 0.323244 0.671420 0.671420 0.671420
2768.240234 0.000000 2006.965942 0.000000 0.207579 0.000000 -0.978218 1.075081 1.075081 1.075081
2758.670410 0.000000 2014.934570 0.000000 0.360147 0.000000 -0.932896 1.037045 1.037045 1.037045
2754.754883 0.000000 2008.225098 0.000000 0.424332 0.000000 -0.905507 1.020382 1.020382 1.020382
2753.447021 0.000000 1997.672119 0.000000 0.963943 0.000000 0.266107 0.685697 0.685697 0.685697
2755.510254 0.000000 2012.573975 0.000000 0.609556 0.000000 -0.792743 0.968511 0.968511 0.968511
2751.714844 0.000000 2003.716553 0.000000 0.964649 0.000000 -0.263540 0.813668 0.813668 0.813668
2752.351318 0.000000 1999.702759 0.000000 0.127917 0.000000 0.991785 0.405622 0.405622 0.405622
2766.863037 0.000000 2008.904419 0.000000 0.460663 0.000000 0.887575 0.489291 0.489291 0.489291
2754.559814 0.000000 2009.754272 0.000000 0.431071 0.000000 -0.902318 1.018602 1.018602 1.018602
2758.158691 0.000000 2012.081665 0.000000 0.657829 0.000000 0.753168 0.546394 0.546394 0.546394
2755.800049 0.000000 2003.460938 0.000000 0.753445 0.000000 -0.657511 0.921293 0.921293 0.921293
2759.837891 0.000000 2011.004028 0.000000 0.638350 0.000000 -0.769746 0.959713 0.959713 0.959713
2756.351807 0.000000 2005.143066 0.000000 0.964699 0.000000 -0.263354 0.813621 0.813621 0.813621
2757.638428 0.000000 2009.137939 0.000000 0.875810 0.000000 0.482657 0.629754 0.629754 0.629754
2769.417236 0.000000 2007.849731 0.000000 0.998556 0.000000 -0.053725 0.762832 0.762832 0.762832
2753.459229 0.000000 2001.550659 0.000000 0.552423 0.000000 0.833564 0.514722 0.514722 0.514722
2752.368408 0.000000 1996.816406 0.000000 0.702572 0.000000 -0.711612 0.939026 0.939026 0.939026
2767.036377 0.000000 2006.076538 0.000000 0.298344 0.000000 -0.954458 1.052674 1.052674 1.052674
2755.695068 0.000000 2010.518311 0.000000 0.742342 0.000000 -0.670021 0.925286 0.925286 0.925286
2756.797607 0.000000 2007.977783 0.000000 0.111929 0.000000 0.993716 0.401777 0.401777 0.401777
2758.592529 0.000000 2013.510864 0.000000 0.014961 0.000000 -0.999888 1.121428 1.121428 1.121428
2759.043213 0.000000 2008.867676 0.000000 0.237265 0.000000 0.971445 0.432188 0.432188 0.432188
2753.739746 0.000000 2004.190918 0.000000 0.829607 0.000000 -0.558347 0.891423 0.891423 0.891423
2769.748779 0.000000 2009.145020 0.000000 0.966783 0.000000 -0.255597 0.811704 0.811704 0.811704
2753.802490 0.000000 1998.968384 0.000000 0.221255 0.000000 0.975216 0.428261 0.428261 0.428261
2752.977539 0.000000 2006.286987 0.000000 0.738583 0.000000 0.674163 0.573378 0.573378 0.573378
2756.923828 0.000000 2010.239868 0.000000 0.648295 0.000000 0.761389 0.543388 0.543388 0.543388
2755.301514 0.000000 2005.913818 0.000000 0.817022 0.000000 -0.576607 0.896718 0.896718 0.896718
2753.820068 0.000000 2005.408936 0.000000 0.930085 0.000000 0.367345 0.660200 0.660200 0.660200
2767.689209 0.000000 2009.831177 0.000000 0.800702 0.000000 0.599063 0.596655 0.596655 0.596655
2757.632568 0.000000 2006.743164 0.000000 0.743973 0.000000 0.668210 0.575296 0.575296 0.575296
2752.053711 0.000000 2002.526733 0.000000 0.107031 0.000000 -0.994256 1.099399 1.099399 1.099399
2754.589844 0.000000 2003.272827 0.000000 0.901662 0.000000 -0.432441 0.856761 0.856761 0.856761
2755.295410 0.000000 2007.160034 0.000000 0.630104 0.000000 0.776511 0.537741 0.537741 0.537741
2767.597168 0.000000 2007.992065 0.000000 0.895490 0.000000 -0.445082 0.860119 0.860119 0.860119
2755.896973 0.000000 2013.734497 0.000000 0.973891 0.000000 -0.227017 0.804673 0.804673 0.804673
2754.142090 0.000000 2012.447754 0.000000 0.061210 0.000000 -0.998125 1.110378 1.110378 1.110378
2757.077393 0.000000 2012.597046 0.000000 0.381136 0.000000 -0.924519 1.031650 1.031650 1.031650
2757.864746 0.000000 2010.929810 0.000000 0.975059 0.000000 -0.221948 0.803431 0.803431 0.803431
2757.527588 0.000000 2005.106812 0.000000 0.109422 0.000000 0.993995 0.401175 0.401175 0.401175
2759.490723 0.000000 2015.577637 0.000000 0.623779 0.000000 -0.781600 0.964197 0.964197 0.964197
2768.621582 0.000000 2025.993164 0.000000 0.597942 0.000000 0.801539 0.528011 0.528011 0.528011
2763.889648 0.000000 2026.591064 0.000000 0.881456 0.000000 0.472266 0.632577 0.632577 0.632577
2771.025146 0.000000 2026.130737 0.000000 0.008052 0.000000 0.999968 0.376922 0.376922 0.376922
2763.602783 0.000000 2024.481934 0.000000 0.615181 0.000000 -0.788386 0.966812 0.966812 0.966812
2770.036133 0.000000 2027.656738 0.000000 0.990610 0.000000 -0.136719 0.782742 0.782742 0.782742
2767.033447 0.000000 2018.053345 0.000000 0.347833 0.000000 0.937556 0.459812 0.459812 0.459812
2798.919922 0.000000 2042.765625 0.000000 0.249695 0.000000 -0.968324 1.064752 1.064752 1.064752
2800.447998 0.000000 2040.877686 0.000000 0.682268 0.000000 -0.731102 0.945745 0.945745 0.945745
2843.976562 0.000000 1817.739624 0.000000 0.103710 0.000000 -0.994608 1.100196 1.100196 1.100196
2841.312988 0.000000 1814.614746 0.000000 0.277016 0.000000 0.960865 0.442009 0.442009 0.442009
2843.783691 0.000000 1815.092651 0.000000 0.170808 0.000000 0.985304 0.415978 0.415978 0.415978
2850.947998 0.000000 1806.355469 0.000000 0.129203 0.000000 0.991618 0.405931 0.405931 0.405931
2853.773193 0.000000 1807.093628 0.000000 0.368924 0.000000 0.929460 0.465205 0.465205 0.465205
2852.598877 0.000000 1806.033691 0.000000 0.519096 0.000000 0.854716 0.505299 0.505299 0.505299
2877.819092 0.000000 1827.066650 0.000000 0.908825 0.000000 -0.417179 0.852736 0.852736 0.852736
2874.907471 0.000000 1827.194336 0.000000 0.999600 0.000000 0.028268 0.743251 0.743251 0.743251
2864.440186 0.000000 1848.924561 0.000000 0.997146 0.000000 -0.075492 0.768040 0.768040 0.768040
2875.715820 0.000000 1829.395874 0.000000 0.599989 0.000000 0.800008 0.528621 0.528621 0.528621
2849.877930 0.000000 1840.291748 0.000000 0.840981 0.000000 -0.541065 0.886484 0.886484 0.886484
2848.339600 0.000000 1839.741821 0.000000 0.860710 0.000000 0.509095 0.622485 0.622485 0.622485
2883.871582 0.000000 1801.995850 0.000000 0.702680 0.000000 0.711506 0.561010 0.561010 0.561010
2880.023926 0.000000 1803.462158 0.000000 0.648178 0.000000 0.761489 0.543352 0.543352 0.543352
2881.505127 0.000000 1801.577148 0.000000 0.998332 0.000000 0.057733 0.736209 0.736209 0.736209
2902.634033 0.000000 1849.511108 0.000000 0.861966 0.000000 -0.506965 0.876925 0.876925 0.876925
2886.602295 0.000000 1826.444458 0.000000 0.998482 0.000000 0.055082 0.736843 0.736843 0.736843
2903.135498 0.000000 1846.168701 0.000000 0.999990 0.000000 0.004378 0.748955 0.748955 0.748955
2902.575439 0.000000 1847.754395 0.000000 0.983654 0.000000 -0.180071 0.793225 0.793225 0.793225
2887.395752 0.000000 1827.832275 0.000000 0.210964 0.000000 0.977494 0.425745 0.425745 0.425745
2893.367432 0.000000 1850.981323 0.000000 0.987323 0.000000 -0.158724 0.788054 0.788054 0.788054
2892.119629 0.000000 1850.142456 0.000000 0.833765 0.000000 0.552120 0.610364 0.610364 0.610364
2920.322510 0.000000 1846.031006 0.000000 0.355141 0.000000 0.934813 0.461675 0.461675 0.461675
2920.250977 0.000000 1848.348877 0.000000 0.759952 0.000000 -0.649980 0.918917 0.918917 0.918917
2921.707520 0.000000 1848.942871 0.000000 0.138223 0.000000 -0.990401 1.091896 1.091896 1.091896
2866.584229 0.000000 1882.169067 0.000000 0.953241 0.000000 0.302212 0.676706 0.676706 0.676706
2859.562256 0.000000 1860.428345 0.000000 0.999938 0.000000 0.011152 0.747338 0.747338 0.747338
2868.155762 0.000000 1883.837280 0.000000 0.994502 0.000000 0.104718 0.724954 0.724954 0.724954
2866.010986 0.000000 1884.180298 0.000000 0.957037 0.000000 0.289966 0.679767 0.679767 0.679767
2907.175293 0.000000 1855.922974 0.000000 0.133480 0.000000 0.991051 0.406961 0.406961 0.406961
2887.673584 0.000000 1864.444092 0.000000 0.317830 0.000000 0.948148 0.452215 0.452215 0.452215
2891.874023 0.000000 1866.630127 0.000000 0.960809 0.000000 -0.277213 0.817058 0.817058 0.817058
2884.679688 0.000000 1862.805786 0.000000 0.108885 0.000000 -0.994054 1.098954 1.098954 1.098954
2889.444336 0.000000 1866.280151 0.000000 0.458417 0.000000 0.888737 0.488687 0.488687 0.488687
2906.169189 0.000000 1857.561157 0.000000 0.717990 0.000000 -0.696053 0.933797 0.933797 0.933797
2885.217773 0.000000 1861.484253 0.000000 0.492491 0.000000 -0.870317 1.002065 1.002065 1.002065
2939.964844 0.000000 1977.700562 0.000000 0.939644 0.000000 -0.342154 0.833367 0.833367 0.833367
2925.733398 0.000000 2032.768433 0.000000 0.602862 0.000000 -0.797845 0.970520 0.970520 0.970520
2938.965576 0.000000 2036.379883 0.000000 0.341518 0.000000 0.939875 0.458206 0.458206 0.458206
2939.771973 0.000000 2039.037964 0.000000 0.501367 0.000000 -0.865235 0.999623 0.999623 0.999623
2942.693604 0.000000 2021.433105 0.000000 0.189877 0.000000 -0.981808 1.079393 1.079393 1.079393
2929.718018 0.000000 2046.752930 0.000000 0.933092 0.000000 -0.359637 0.837825 0.837825 0.837825
2922.983643 0.000000 2033.143311 0.000000 0.400571 0.000000 0.916265 0.473391 0.473391 0.473391
2924.271973 0.000000 2032.277832 0.000000 0.999949 0.000000 0.010101 0.747589 0.747589 0.747589
2938.768311 0.000000 2037.929688 0.000000 0.891581 0.000000 -0.452861 0.862198 0.862198 0.862198
2947.960205 0.000000 1982.946167 0.000000 0.509452 0.000000 0.860499 0.502614 0.502614 0.502614
2955.127686 0.000000 1999.231567 0.000000 0.773159 0.000000 -0.634212 0.914007 0.914007 0.914007
2952.318604 0.000000 2005.991943 0.000000 0.145244 0.000000 0.989396 0.409798 0.409798 0.409798
2944.223633 0.000000 1983.528076 0.000000 0.594376 0.000000 -0.804187 0.973049 0.973049 0.973049
2955.450439 0.000000 2005.880493 0.000000 0.362264 0.000000 0.932075 0.463497 0.463497 0.463497
2953.907715 0.000000 2004.726807 0.000000 0.661024 0.000000 -0.750365 0.952592 0.952592 0.952592
2955.948486 0.000000 2004.209961 0.000000 0.911073 0.000000 0.412246 0.648558 0.648558 0.648558
2944.391846 0.000000 2023.436035 0.000000 0.973723 0.000000 0.227735 0.695151 0.695151 0.695151
2943.738037 0.000000 2021.700928 0.000000 0.752889 0.000000 0.658148 0.578505 0.578505 0.578505
2679.162842 0.000000 2102.106201 0.000000 0.765824 0.000000 -0.643050 0.916748 0.916748 0.916748
2678.602783 0.000000 2103.691895 0.000000 0.457172 0.000000 -0.889378 1.011647 1.011647 1.011647
2675.209961 0.000000 2100.428711 0.000000 0.876931 0.000000 -0.480617 0.869690 0.869690 0.869690
2683.202637 0.000000 2111.860596 0.000000 0.982663 0.000000 -0.185403 0.794519 0.794519 0.794519
2719.993164 0.000000 2078.191650 0.000000 0.845887 0.000000 -0.533362 0.884304 0.884304 0.884304
2740.859131 0.000000 2083.631348 0.000000 0.998300 0.000000 -0.058290 0.763924 0.763924 0.763924
2720.250977 0.000000 2079.504639 0.000000 0.977124 0.000000 -0.212671 0.801162 0.801162 0.801162
2719.922852 0.000000 2083.597900 0.000000 0.989926 0.000000 -0.141585 0.783915 0.783915 0.783915
2721.578613 0.000000 2081.703613 0.000000 0.488183 0.000000 0.872741 0.496755 0.496755 0.496755
2743.245117 0.000000 2083.945312 0.000000 0.825577 0.000000 0.564290 0.606863 0.606863 0.606863
2740.178955 0.000000 2101.256104 0.000000 0.986410 0.000000 0.164303 0.710597 0.710597 0.710597
2735.875000 0.000000 2111.031494 0.000000 0.514338 0.000000 -0.857588 0.996028 0.996028 0.996028
2765.190430 0.000000 2086.978760 0.000000 0.985966 0.000000 -0.166945 0.790043 0.790043 0.790043
2758.654053 0.000000 2085.107666 0.000000 0.950810 0.000000 0.309775 0.674810 0.674810 0.674810
2765.610596 0.000000 2089.178223 0.000000 0.989509 0.000000 -0.144469 0.784611 0.784611 0.784611
2708.384033 0.000000 2119.840576 0.000000 0.842736 0.000000 0.538327 0.614292 0.614292 0.614292
2704.951416 0.000000 2117.788574 0.000000 0.244909 0.000000 0.969546 0.434069 0.434069 0.434069
2712.455811 0.000000 2113.968262 0.000000 0.804914 0.000000 0.593391 0.598342 0.598342 0.598342
2704.704346 0.000000 2114.419922 0.000000 0.056357 0.000000 0.998411 0.388461 0.388461 0.388461
2707.444824 0.000000 2117.601807 0.000000 0.826781 0.000000 0.562524 0.607373 0.607373 0.607373
2709.879395 0.000000 2117.782715 0.000000 0.980835 0.000000 0.194838 0.703186 0.703186 0.703186
2710.126709 0.000000 2113.893555 0.000000 0.210896 0.000000 -0.977509 1.074271 1.074271 1.074271
2711.204102 0.000000 2112.825928 0.000000 0.680974 0.000000 0.732308 0.553832 0.553832 0.553832
2734.682373 0.000000 2112.362305 0.000000 0.997418 0.000000 -0.071815 0.767159 0.767159 0.767159
2739.781494 0.000000 2113.043701 0.000000 0.455327 0.000000 -0.890324 1.012142 1.012142 1.012142
2725.610596 0.000000 2112.375488 0.000000 0.316362 0.000000 -0.948639 1.048154 1.048154 1.048154
2814.515137 0.000000 2141.681885 0.000000 0.191527 0.000000 -0.981487 1.078992 1.078992 1.078992
2812.021484 0.000000 2140.433594 0.000000 0.673434 0.000000 -0.739247 0.948614 0.948614 0.948614
2814.563721 0.000000 2139.050049 0.000000 0.608403 0.000000 0.793629 0.531142 0.531142 0.531142
2929.506592 0.000000 2047.622803 0.000000 0.995952 0.000000 0.089882 0.728513 0.728513 0.728513
2918.376953 0.000000 2065.483887 0.000000 0.628559 0.000000 0.777762 0.537266 0.537266 0.537266
2933.734619 0.000000 2065.423340 0.000000 0.446272 0.000000 0.894897 0.485437 0.485437 0.485437
2920.374512 0.000000 2063.510010 0.000000 0.874641 0.000000 0.484771 0.629177 0.629177 0.629177
2931.663574 0.000000 2067.218018 0.000000 0.847094 0.000000 -0.531443 0.883762 0.883762 0.883762
2920.390137 0.000000 2065.643555 0.000000 0.228726 0.000000 0.973491 0.430092 0.430092 0.430092
2930.610352 0.000000 2065.691650 0.000000 0.837958 0.000000 -0.545734 0.887812 0.887812 0.887812
2928.220703 0.000000 2070.950439 0.000000 0.531699 0.000000 -0.846933 0.991165 0.991165 0.991165
2921.792969 0.000000 2064.148438 0.000000 0.394760 0.000000 -0.918784 1.028121 1.028121 1.028121
2921.687256 0.000000 2062.599609 0.000000 0.980679 0.000000 -0.195622 0.797004 0.797004 0.797004
2929.397705 0.000000 2071.833984 0.000000 0.954224 0.000000 -0.299093 0.822513 0.822513 0.822513
2922.127686 0.000000 2109.015381 0.000000 0.999126 0.000000 0.041795 0.740019 0.740019 0.740019
2930.247070 0.000000 2102.450928 0.000000 0.105655 0.000000 -0.994403 1.099730 1.099730 1.099730
2920.322510 0.000000 2101.968506 0.000000 0.926032 0.000000 -0.377445 0.842398 0.842398 0.842398
2926.904297 0.000000 2106.750000 0.000000 0.772257 0.000000 -0.635310 0.914346 0.914346 0.914346
2925.803955 0.000000 2099.958984 0.000000 0.893586 0.000000 -0.448893 0.861136 0.861136 0.861136
2918.649170 0.000000 2106.101562 0.000000 0.996328 0.000000 -0.085616 0.770464 0.770464 0.770464
2942.499512 0.000000 2109.689697 0.000000 0.118187 0.000000 0.992991 0.403281 0.403281 0.403281
2923.284668 0.000000 2104.893066 0.000000 0.909777 0.000000 -0.415097 0.852189 0.852189 0.852189
2917.229980 0.000000 2109.704834 0.000000 0.486949 0.000000 -0.873430 1.003582 1.003582 1.003582
2930.576416 0.000000 2106.114258 0.000000 0.130382 0.000000 -0.991464 1.093785 1.093785 1.093785
2922.095947 0.000000 2098.750488 0.000000 0.997694 0.000000 -0.067878 0.766217 0.766217 0.766217
2929.132812 0.000000 2098.865723 0.000000 0.998163 0.000000 0.060590 0.735526 0.735526 0.735526
2926.498535 0.000000 2103.346436 0.000000 0.496359 0.000000 -0.868117 1.001002 1.001002 1.001002
2936.428467 0.000000 2081.976074 0.000000 0.942508 0.000000 -0.334184 0.831345 0.831345 0.831345
2928.312988 0.000000 2109.399658 0.000000 0.748674 0.000000 0.662939 0.576982 0.576982 0.576982
2923.454346 0.000000 2101.856934 0.000000 0.977633 0.000000 -0.210320 0.800588 0.800588 0.800588
2940.005859 0.000000 2108.441406 0.000000 0.299300 0.000000 -0.954159 1.052435 1.052435 1.052435
2931.663574 0.000000 2099.210205 0.000000 0.930215 0.000000 0.367015 0.660285 0.660285 0.660285
2921.238770 0.000000 2106.482178 0.000000 0.996426 0.000000 0.084474 0.729809 0.729809 0.729809
2916.190918 0.000000 2105.204590 0.000000 0.737750 0.000000 -0.675074 0.926916 0.926916 0.926916
2919.584229 0.000000 2108.517822 0.000000 0.684487 0.000000 0.729025 0.554980 0.554980 0.554980
2928.036865 0.000000 2101.126465 0.000000 0.864064 0.000000 0.503382 0.624067 0.624067 0.624067
2928.432373 0.000000 2104.862061 0.000000 0.667213 0.000000 0.744867 0.549385 0.549385 0.549385
2920.250977 0.000000 2104.286377 0.000000 0.191219 0.000000 -0.981547 1.079067 1.079067 1.079067
2920.587158 0.000000 2110.712891 0.000000 0.587934 0.000000 -0.808909 0.974956 0.974956 0.974956
2940.392578 0.000000 2110.692627 0.000000 0.120427 0.000000 0.992722 0.403820 0.403820 0.403820
2925.319824 0.000000 2105.345947 0.000000 0.071814 0.000000 -0.997418 1.107841 1.107841 1.107841
2923.495850 0.000000 2110.566406 0.000000 0.908443 0.000000 -0.418008 0.852954 0.852954 0.852954
2921.955811 0.000000 2103.238525 0.000000 0.130343 0.000000 0.991469 0.406206 0.406206 0.406206
2921.911621 0.000000 2100.703369 0.000000 0.606639 0.000000 -0.794977 0.969388 0.969388 0.969388
2929.929443 0.000000 2100.583496 0.000000 0.966065 0.000000 -0.258299 0.812371 0.812371 0.812371
2924.652100 0.000000 2103.510742 0.000000 0.381783 0.000000 -0.924252 1.031483 1.031483 1.031483
2930.778809 0.000000 2104.241455 0.000000 0.682731 0.000000 0.730670 0.554406 0.554406 0.554406
2928.762451 0.000000 2106.699707 0.000000 0.808743 0.000000 0.588162 0.599889 0.599889 0.599889
2925.567871 0.000000 2101.781250 0.000000 0.581197 0.000000 0.813763 0.523062 0.523062 0.523062
2928.220703 0.000000 2102.942627 0.000000 0.707716 0.000000 0.706497 0.562706 0.562706 0.562706
2918.650879 0.000000 2110.911133 0.000000 0.760181 0.000000 -0.649711 0.918833 0.918833 0.918833
2923.952393 0.000000 2100.186523 0.000000 0.491221 0.000000 0.871035 0.497587 0.497587 0.497587
2926.843506 0.000000 2104.880859 0.000000 0.896930 0.000000 -0.442173 0.859344 0.859344 0.859344
2941.567139 0.000000 2108.485107 0.000000 0.852786 0.000000 0.522261 0.618816 0.618816 0.618816
2918.139160 0.000000 2108.058105 0.000000 0.818363 0.000000 0.574702 0.603839 0.603839 0.603839
2920.993652 0.000000 2108.006348 0.000000 0.129762 0.000000 0.991545 0.406066 0.406066 0.406066
2919.818359 0.000000 2106.980469 0.000000 0.558937 0.000000 0.829210 0.516593 0.516593 0.516593
2943.614990 0.000000 2108.710938 0.000000 0.861520 0.000000 -0.507724 0.877135 0.877135 0.877135
2929.397705 0.000000 2103.826172 0.000000 0.986424 0.000000 -0.164220 0.789383 0.789383 0.789383
2927.016846 0.000000 2102.052979 0.000000 0.723493 0.000000 -0.690332 0.931902 0.931902 0.931902
2918.572998 0.000000 2109.487305 0.000000 0.481459 0.000000 -0.876469 1.005080 1.005080 1.005080
2921.985840 0.000000 2110.347900 0.000000 0.689164 0.000000 -0.724605 0.943483 0.943483 0.943483
2920.798828 0.000000 2109.401367 0.000000 0.873502 0.000000 -0.486820 0.871382 0.871382 0.871382
2923.239990 0.000000 2103.451416 0.000000 0.922913 0.000000 0.385009 0.655649 0.655649 0.655649
2922.420166 0.000000 2105.974609 0.000000 0.675875 0.000000 0.737016 0.552176 0.552176 0.552176
2929.729248 0.000000 2105.121582 0.000000 0.997480 0.000000 -0.070948 0.766952 0.766952 0.766952
2922.132812 0.000000 2101.981445 0.000000 0.778786 0.000000 0.627290 0.588123 0.588123 0.588123
2920.745361 0.000000 2103.165527 0.000000 0.663231 0.000000 0.748415 0.548111 0.548111 0.548111
2927.669678 0.000000 2105.807861 0.000000 0.140623 0.000000 0.990063 0.408683 0.408683 0.408683
2922.619873 0.000000 2111.416016 0.000000 0.607848 0.000000 -0.794054 0.969025 0.969025 0.969025
2919.649902 0.000000 2109.998291 0.000000 0.997893 0.000000 0.064879 0.734501 0.734501 0.734501
2927.577637 0.000000 2103.968750 0.000000 0.448558 0.000000 0.893754 0.486047 0.486047 0.486047
2925.848633 0.000000 2104.304932 0.000000 0.903899 0.000000 0.427746 0.644481 0.644481 0.644481
2924.402344 0.000000 2104.619141 0.000000 0.452340 0.000000 0.891846 0.487058 0.487058 0.487058
2922.858643 0.000000 2100.135010 0.000000 0.888740 0.000000 0.458413 0.636314 0.636314 0.636314
2929.826904 0.000000 2107.036865 0.000000 0.269379 0.000000 -0.963034 1.059886 1.059886 1.059886
2827.296387 0.000000 2136.885254 0.000000 0.102581 0.000000 0.994725 0.399533 0.399533 0.399533
2815.793701 0.000000 2139.256104 0.000000 0.899360 0.000000 -0.437209 0.858025 0.858025 0.858025
2828.663818 0.000000 2135.502930 0.000000 0.943949 0.000000 -0.330092 0.830310 0.830310 0.830310
2871.791748 0.000000 2122.456055 0.000000 0.288582 0.000000 0.957455 0.444888 0.444888 0.444888
2868.364502 0.000000 2119.840576 0.000000 0.880154 0.000000 -0.474689 0.868080 0.868080 0.868080
2852.367676 0.000000 2134.643066 0.000000 0.938196 0.000000 -0.346104 0.834372 0.834372 0.834372
2873.919434 0.000000 2124.989258 0.000000 0.653438 0.000000 0.756980 0.545005 0.545005 0.545005
2876.279053 0.000000 2128.250244 0.000000 0.937245 0.000000 -0.348672 0.835025 0.835025 0.835025
2862.444580 0.000000 2123.266602 0.000000 0.099314 0.000000 -0.995056 1.101251 1.101251 1.101251
2869.859863 0.000000 2117.782715 0.000000 0.607724 0.000000 0.794149 0.530938 0.530938 0.530938
2849.877930 0.000000 2128.221436 0.000000 0.763004 0.000000 0.646394 0.582207 0.582207 0.582207
2850.230713 0.000000 2134.536377 0.000000 0.003923 0.000000 -0.999992 1.124063 1.124063 1.124063
2873.595459 0.000000 2123.193359 0.000000 0.973274 0.000000 -0.229649 0.805318 0.805318 0.805318
2875.426758 0.000000 2129.913574 0.000000 0.606996 0.000000 -0.794704 0.969281 0.969281 0.969281
2877.655273 0.000000 2129.129150 0.000000 0.981296 0.000000 -0.192506 0.796246 0.796246 0.796246
2862.355469 0.000000 2124.812012 0.000000 0.751085 0.000000 -0.660205 0.922148 0.922148 0.922148
2829.840088 0.000000 2147.308838 0.000000 0.245776 0.000000 -0.969327 1.065718 1.065718 1.065718
2832.613770 0.000000 2153.961914 0.000000 0.981258 0.000000 -0.192701 0.796293 0.796293 0.796293
2835.218750 0.000000 2159.911621 0.000000 0.919321 0.000000 -0.393509 0.846554 0.846554 0.846554
2843.379395 0.000000 2154.123047 0.000000 0.278573 0.000000 -0.960415 1.057604 1.057604 1.057604
2826.260742 0.000000 2150.654297 0.000000 0.274350 0.000000 -0.961630 1.058653 1.058653 1.058653
2827.566162 0.000000 2148.357910 0.000000 0.711380 0.000000 -0.702808 0.936053 0.936053 0.936053
2833.997559 0.000000 2151.927002 0.000000 0.998495 0.000000 0.054834 0.736903 0.736903 0.736903
2824.179932 0.000000 2150.335693 0.000000 0.506943 0.000000 0.861979 0.501919 0.501919 0.501919
2835.296143 0.000000 2158.332764 0.000000 0.801904 0.000000 -0.597452 0.902865 0.902865 0.902865
2827.786377 0.000000 2150.256836 0.000000 0.991693 0.000000 -0.128625 0.780792 0.780792 0.780792
2861.836182 0.000000 2147.308838 0.000000 0.887245 0.000000 -0.461299 0.864462 0.864462 0.864462
2849.062988 0.000000 2168.208008 0.000000 0.926835 0.000000 0.375469 0.658111 0.658111 0.658111
2878.555908 0.000000 2171.042236 0.000000 0.377518 0.000000 0.926002 0.467417 0.467417 0.467417
2860.985352 0.000000 2149.240723 0.000000 0.748191 0.000000 -0.663483 0.923192 0.923192 0.923192
2848.339600 0.000000 2159.663574 0.000000 0.859792 0.000000 0.510644 0.622055 0.622055 0.622055
2849.790771 0.000000 2158.929199 0.000000 0.003371 0.000000 -0.999994 1.124195 1.124195 1.124195
2849.114746 0.000000 2171.195068 0.000000 0.313023 0.000000 -0.949746 1.048994 1.048994 1.048994
2888.326416 0.000000 2133.960693 0.000000 0.947465 0.000000 0.319861 0.672273 0.672273 0.672273
2902.287598 0.000000 2140.592041 0.000000 0.890383 0.000000 0.455213 0.637172 0.637172 0.637172
2889.959717 0.000000 2135.230713 0.000000 0.978831 0.000000 -0.204669 0.799209 0.799209 0.799209
2925.828369 0.000000 2115.316650 0.000000 0.296477 0.000000 0.955040 0.446859 0.446859 0.446859
2919.471191 0.000000 2111.554199 0.000000 0.303977 0.000000 -0.952680 1.051264 1.051264 1.051264
2928.602051 0.000000 2121.969727 0.000000 0.974290 0.000000 -0.225296 0.804251 0.804251 0.804251
2921.034424 0.000000 2115.898193 0.000000 0.688681 0.000000 0.725064 0.556358 0.556358 0.556358
2928.924072 0.000000 2117.788574 0.000000 0.292605 0.000000 -0.956233 1.054108 1.054108 1.054108
2925.170898 0.000000 2118.970947 0.000000 0.509131 0.000000 -0.860689 0.997475 0.997475 0.997475
2922.959473 0.000000 2112.569336 0.000000 0.977912 0.000000 -0.209015 0.800269 0.800269 0.800269
2922.249023 0.000000 2118.662109 0.000000 0.972185 0.000000 -0.234214 0.806439 0.806439 0.806439
2918.598389 0.000000 2114.374023 0.000000 0.055369 0.000000 -0.998466 1.111775 1.111775 1.111775
2923.554443 0.000000 2116.365723 0.000000 0.434998 0.000000 -0.900431 1.017562 1.017562 1.017562
2927.397217 0.000000 2119.881592 0.000000 0.043064 0.000000 0.999072 0.385284 0.385284 0.385284
2931.417480 0.000000 2117.601807 0.000000 0.630339 0.000000 -0.776320 0.962187 0.962187 0.962187
2929.985840 0.000000 2119.934814 0.000000 0.959777 0.000000 -0.280763 0.817941 0.817941 0.817941
2920.876953 0.000000 2113.498535 0.000000 0.037077 0.000000 0.999312 0.383854 0.383854 0.383854
2925.591064 0.000000 2121.170410 0.000000 0.981107 0.000000 -0.193465 0.796479 0.796479 0.796479
2926.735596 0.000000 2117.348145 0.000000 0.543901 0.000000 -0.839149 0.987710 0.987710 0.987710
2923.583252 0.000000 2120.458496 0.000000 0.602481 0.000000 -0.798133 0.970634 0.970634 0.970634
2922.777344 0.000000 2114.548584 0.000000 0.568092 0.000000 -0.822965 0.980761 0.980761 0.980761
2921.400635 0.000000 2111.582764 0.000000 0.877189 0.000000 0.480146 0.630438 0.630438 0.630438
2928.021729 0.000000 2116.085449 0.000000 0.954511 0.000000 0.298177 0.677716 0.677716 0.677716
2922.166992 0.000000 2117.078125 0.000000 0.951729 0.000000 -0.306941 0.824479 0.824479 0.824479
2923.774658 0.000000 2118.264648 0.000000 0.961791 0.000000 0.273786 0.683793 0.683793 0.683793
2927.139160 0.000000 2121.464844 0.000000 0.839027 0.000000 -0.544090 0.887344 0.887344 0.887344
2919.440186 0.000000 2113.083740 0.000000 0.535239 0.000000 -0.844701 0.990166 0.990166 0.990166
2930.243896 0.000000 2118.486816 0.000000 0.809446 0.000000 0.587194 0.600174 0.600174 0.600174
2927.681152 0.000000 2118.514648 0.000000 0.443082 0.000000 0.896481 0.484586 0.484586 0.484586
2928.739258 0.000000 2120.574463 0.000000 0.229685 0.000000 -0.973265 1.069673 1.069673 1.069673
2929.896973 0.000000 2121.336914 0.000000 0.183844 0.000000 -0.982955 1.080859 1.080859 1.080859
2920.342773 0.000000 2114.734131 0.000000 0.531080 0.000000 0.847322 0.508660 0.508660 0.508660
2920.147705 0.000000 2116.985352 0.000000 0.133219 0.000000 0.991087 0.406899 0.406899 0.406899
2928.936035 0.000000 2119.110840 0.000000 0.265274 0.000000 0.964173 0.439097 0.439097 0.439097
2922.382080 0.000000 2115.777344 0.000000 0.999799 0.000000 0.020028 0.745218 0.745218 0.745218
2926.138672 0.000000 2119.802246 0.000000 0.917578 0.000000 0.397556 0.652394 0.652394 0.652394
2931.235107 0.000000 2119.285400 0.000000 0.214501 0.000000 0.976724 0.426609 0.426609 0.426609
2924.838379 0.000000 2120.165283 0.000000 0.276059 0.000000 0.961141 0.441772 0.441772 0.441772
2926.331543 0.000000 2118.538574 0.000000 0.119781 0.000000 0.992800 0.403664 0.403664 0.403664
2921.581299 0.000000 2114.793945 0.000000 0.976791 0.000000 0.214197 0.698465 0.698465 0.698465
2920.419434 0.000000 2112.340332 0.000000 0.844471 0.000000 0.535601 0.615064 0.615064 0.615064
2922.112061 0.000000 2113.511230 0.000000 0.452203 0.000000 0.891915 0.487021 0.487021 0.487021
2924.337402 0.000000 2121.432861 0.000000 0.416790 0.000000 -0.909003 1.022366 1.022366 1.022366
2923.577393 0.000000 2113.664062 0.000000 0.603861 0.000000 0.797089 0.529779 0.529779 0.529779
2923.192139 0.000000 2119.347900 0.000000 0.828664 0.000000 -0.559746 0.891826 0.891826 0.891826
2918.333496 0.000000 2111.500977 0.000000 0.592808 0.000000 0.805344 0.526486 0.526486 0.526486
2928.974365 0.000000 2116.665771 0.000000 0.866813 0.000000 0.498634 0.625376 0.625376 0.625376
2898.250977 0.000000 2166.435303 0.000000 0.997521 0.000000 0.070373 0.733186 0.733186 0.733186
2891.458252 0.000000 2165.841309 0.000000 0.353144 0.000000 0.935569 0.461166 0.461166 0.461166
2900.956787 0.000000 2167.132812 0.000000 0.975667 0.000000 0.219257 0.697228 0.697228 0.697228
2879.785889 0.000000 2171.248291 0.000000 0.976077 0.000000 -0.217424 0.802324 0.802324 0.802324
2888.591064 0.000000 2174.697266 0.000000 0.750689 0.000000 -0.660655 0.922291 0.922291 0.922291
2910.697510 0.000000 2149.401855 0.000000 0.993486 0.000000 0.113959 0.722735 0.722735 0.722735
2886.654785 0.000000 2174.895508 0.000000 0.379950 0.000000 0.925007 0.468044 0.468044 0.468044
2891.956299 0.000000 2164.170898 0.000000 0.996321 0.000000 0.085698 0.729516 0.729516 0.729516
2903.935303 0.000000 2152.864990 0.000000 0.198650 0.000000 -0.980071 1.077258 1.077258 1.077258
2902.631104 0.000000 2153.656006 0.000000 0.002132 0.000000 -0.999998 1.124491 1.124491 1.124491
2911.899414 0.000000 2147.582275 0.000000 0.844243 0.000000 -0.535960 0.885038 0.885038 0.885038
2943.965820 0.000000 2110.183838 0.000000 0.061472 0.000000 -0.998109 1.110315 1.110315 1.110315
2974.346924 0.000000 2095.048340 0.000000 0.938224 0.000000 0.346029 0.665647 0.665647 0.665647
2998.622314 0.000000 2105.448486 0.000000 0.412430 0.000000 0.910989 0.476490 0.476490 0.476490
3007.364014 0.000000 2096.955322 0.000000 0.806091 0.000000 0.591791 0.598816 0.598816 0.598816
2979.500977 0.000000 2080.114746 0.000000 0.666525 0.000000 0.745483 0.549164 0.549164 0.549164
2975.802490 0.000000 2094.097412 0.000000 0.114255 0.000000 0.993451 0.402336 0.402336 0.402336
3006.343018 0.000000 2095.048340 0.000000 0.864971 0.000000 0.501823 0.624497 0.624497 0.624497
2996.524902 0.000000 2105.304199 0.000000 0.453943 0.000000 0.891031 0.487487 0.487487 0.487487
2997.901855 0.000000 2088.458740 0.000000 0.998350 0.000000 -0.057416 0.763714 0.763714 0.763714
2996.055664 0.000000 2089.226074 0.000000 0.677040 0.000000 0.735946 0.552553 0.552553 0.552553
2999.987061 0.000000 2105.827148 0.000000 0.203146 0.000000 0.979149 0.423837 0.423837 0.423837
3024.590332 0.000000 2057.985352 0.000000 0.303676 0.000000 0.952775 0.448661 0.448661 0.448661
3010.928467 0.000000 2062.292969 0.000000 0.703646 0.000000 -0.710551 0.938666 0.938666 0.938666
3022.486816 0.000000 2071.354248 0.000000 0.516759 0.000000 -0.856131 0.995354 0.995354 0.995354
3022.831787 0.000000 2072.888672 0.000000 0.362786 0.000000 -0.931872 1.036369 1.036369 1.036369
3044.344238 0.000000 2070.658691 0.000000 0.761350 0.000000 -0.648342 0.918403 0.918403 0.918403
3044.175293 0.000000 2073.212402 0.000000 0.615613 0.000000 -0.788049 0.966681 0.966681 0.966681
3007.828369 0.000000 2097.299561 0.000000 0.995496 0.000000 0.094805 0.727333 0.727333 0.727333
3039.613770 0.000000 2104.680176 0.000000 0.947020 0.000000 0.321175 0.671942 0.671942 0.671942
3034.582764 0.000000 2087.535645 0.000000 0.931931 0.000000 -0.362635 0.838592 0.838592 0.838592
3007.798584 0.000000 2094.097412 0.000000 0.923532 0.000000 0.383521 0.656033 0.656033 0.656033
3035.696289 0.000000 2085.333252 0.000000 0.917520 0.000000 0.397689 0.652359 0.652359 0.652359
3009.858398 0.000000 2096.229248 0.000000 0.948680 0.000000 -0.316239 0.826815 0.826815 0.826815
3039.564941 0.000000 2102.773926 0.000000 0.584018 0.000000 0.811741 0.523890 0.523890 0.523890
3034.206787 0.000000 2086.141846 0.000000 0.253194 0.000000 0.967416 0.436111 0.436111 0.436111
3035.847900 0.000000 2086.909668 0.000000 0.538897 0.000000 -0.842371 0.989131 0.989131 0.989131
3053.788330 0.000000 2099.958984 0.000000 0.936130 0.000000 0.351654 0.664214 0.664214 0.664214
3041.039551 0.000000 2104.223633 0.000000 0.999973 0.000000 -0.007300 0.751743 0.751743 0.751743
3052.330322 0.000000 2098.392822 0.000000 0.886823 0.000000 -0.462109 0.864680 0.864680 0.864680
3055.215820 0.000000 2098.181885 0.000000 0.702196 0.000000 0.711984 0.560848 0.560848 0.560848
3039.744629 0.000000 2102.775635 0.000000 0.699776 0.000000 -0.714362 0.939962 0.939962 0.939962
3055.671143 0.000000 2099.656250 0.000000 0.957098 0.000000 0.289766 0.679817 0.679817 0.679817
3065.678955 0.000000 2111.129150 0.000000 0.999975 0.000000 -0.007037 0.751680 0.751680 0.751680
3053.833496 0.000000 2098.509521 0.000000 0.965809 0.000000 0.259253 0.687393 0.687393 0.687393
2971.960938 0.000000 2137.661377 0.000000 0.943665 0.000000 -0.330901 0.830514 0.830514 0.830514
2952.318604 0.000000 2133.960693 0.000000 0.082480 0.000000 0.996593 0.394713 0.394713 0.394713
2950.373047 0.000000 2129.468262 0.000000 0.680863 0.000000 -0.732410 0.946204 0.946204 0.946204
2957.166992 0.000000 2118.970947 0.000000 0.829585 0.000000 0.558380 0.608567 0.608567 0.608567
2949.223389 0.000000 2131.945801 0.000000 0.817390 0.000000 0.576084 0.603435 0.603435 0.603435
2959.393311 0.000000 2119.881592 0.000000 0.233562 0.000000 -0.972342 1.068721 1.068721 1.068721
2946.948730 0.000000 2132.620605 0.000000 0.160220 0.000000 -0.987081 1.086585 1.086585 1.086585
2973.848145 0.000000 2135.535889 0.000000 0.141682 0.000000 0.989912 0.408938 0.408938 0.408938
2974.741943 0.000000 2123.501465 0.000000 0.957640 0.000000 0.287969 0.680265 0.680265 0.680265
2952.386230 0.000000 2129.627930 0.000000 0.959138 0.000000 -0.282939 0.818482 0.818482 0.818482
2953.951904 0.000000 2135.230713 0.000000 0.774849 0.000000 -0.632146 0.913369 0.913369 0.913369
2973.824951 0.000000 2137.385254 0.000000 0.997342 0.000000 0.072863 0.732590 0.732590 0.732590
2973.015625 0.000000 2122.908936 0.000000 0.895960 0.000000 0.444135 0.640133 0.640133 0.640133
2953.789062 0.000000 2128.132812 0.000000 0.922941 0.000000 -0.384941 0.844334 0.844334 0.844334
2948.328369 0.000000 2133.111816 0.000000 0.256402 0.000000 -0.966570 1.063097 1.063097 1.063097
2959.677246 0.000000 2118.514648 0.000000 0.339574 0.000000 -0.940579 1.042288 1.042288 1.042288
2958.134766 0.000000 2119.802246 0.000000 0.232875 0.000000 0.972507 0.431110 0.431110 0.431110
2952.741455 0.000000 2135.157715 0.000000 0.977351 0.000000 -0.211625 0.800907 0.800907 0.800907
2958.327637 0.000000 2118.538574 0.000000 0.302318 0.000000 -0.953207 1.051680 1.051680 1.051680
3003.359863 0.000000 2122.130859 0.000000 0.510259 0.000000 0.860021 0.502838 0.502838 0.502838
3006.685791 0.000000 2117.409668 0.000000 0.919621 0.000000 0.392807 0.653628 0.653628 0.653628
2989.312012 0.000000 2137.338135 0.000000 0.124571 0.000000 -0.992211 1.095183 1.095183 1.095183
2990.835693 0.000000 2136.873047 0.000000 0.171396 0.000000 -0.985202 1.083879 1.083879 1.083879
3002.189209 0.000000 2122.090820 0.000000 0.637691 0.000000 0.770293 0.540083 0.540083 0.540083
3002.713623 0.000000 2123.304199 0.000000 0.688746 0.000000 0.725002 0.556379 0.556379 0.556379
2969.297363 0.000000 2166.528809 0.000000 0.504576 0.000000 0.863367 0.501263 0.501263 0.501263
2971.363770 0.000000 2154.123047 0.000000 0.981568 0.000000 -0.191115 0.795908 0.795908 0.795908
2968.507080 0.000000 2164.012695 0.000000 0.953333 0.000000 -0.301920 0.823221 0.823221 0.823221
2974.741943 0.000000 2155.493652 0.000000 0.055651 0.000000 -0.998450 1.111707 1.111707 1.111707
2969.437012 0.000000 2153.195068 0.000000 0.806971 0.000000 -0.590591 0.900829 0.900829 0.900829
2974.874512 0.000000 2157.376465 0.000000 0.713148 0.000000 -0.701013 0.935451 0.935451 0.935451
2969.635742 0.000000 2165.018311 0.000000 0.051820 0.000000 -0.998656 1.112623 1.112623 1.112623
2987.123779 0.000000 2159.192383 0.000000 0.223719 0.000000 -0.974654 1.071135 1.071135 1.071135
2989.725586 0.000000 2160.737305 0.000000 0.989301 0.000000 0.145890 0.715047 0.715047 0.715047
2992.305176 0.000000 2173.384033 0.000000 0.426632 0.000000 0.904426 0.480225 0.480225 0.480225
2986.241211 0.000000 2150.654297 0.000000 0.551570 0.000000 0.834128 0.514478 0.514478 0.514478
3006.685791 0.000000 2149.401855 0.000000 0.999998 0.000000 0.001755 0.749581 0.749581 0.749581
2989.422607 0.000000 2158.816406 0.000000 0.297601 0.000000 0.954690 0.447140 0.447140 0.447140
3007.068848 0.000000 2151.715576 0.000000 0.836322 0.000000 0.548238 0.611474 0.611474 0.611474
2987.766846 0.000000 2150.256836 0.000000 0.766783 0.000000 0.641907 0.583608 0.583608 0.583608
3006.538330 0.000000 2150.621582 0.000000 0.652200 0.000000 0.758047 0.544615 0.544615 0.544615
2987.184326 0.000000 2151.340088 0.000000 0.892735 0.000000 0.450582 0.638412 0.638412 0.638412
3019.858398 0.000000 2122.567627 0.000000 0.624009 0.000000 -0.781417 0.964127 0.964127 0.964127
3033.899902 0.000000 2124.989258 0.000000 0.513218 0.000000 0.858258 0.503660 0.503660 0.503660
3034.887939 0.000000 2115.124023 0.000000 0.813689 0.000000 0.581301 0.601908 0.601908 0.601908
3020.634033 0.000000 2125.054443 0.000000 0.981702 0.000000 -0.190422 0.795739 0.795739 0.795739
3033.864502 0.000000 2127.394775 0.000000 0.994783 0.000000 0.102015 0.725603 0.725603 0.725603
3035.546387 0.000000 2126.438721 0.000000 0.219229 0.000000 -0.975673 1.072234 1.072234 1.072234
3007.730225 0.000000 2117.677490 0.000000 0.997791 0.000000 0.066426 0.734130 0.734130 0.734130
3034.153564 0.000000 2113.498535 0.000000 0.130440 0.000000 0.991456 0.406229 0.406229 0.406229
3033.202393 0.000000 2115.604980 0.000000 0.962587 0.000000 -0.270973 0.815509 0.815509 0.815509
3019.304443 0.000000 2124.043701 0.000000 0.492930 0.000000 0.870069 0.498056 0.498056 0.498056
3019.161377 0.000000 2125.539795 0.000000 0.927667 0.000000 -0.373409 0.841359 0.841359 0.841359
3020.989502 0.000000 2123.688721 0.000000 0.866438 0.000000 0.499284 0.625197 0.625197 0.625197
3021.208496 0.000000 2122.409912 0.000000 0.699724 0.000000 -0.714413 0.939980 0.939980 0.939980
3067.949219 0.000000 2137.661377 0.000000 0.195525 0.000000 -0.980699 1.078019 1.078019 1.078019
3067.155762 0.000000 2111.860596 0.000000 0.998664 0.000000 0.051675 0.737658 0.737658 0.737658
3069.267334 0.000000 2118.962402 0.000000 0.987118 0.000000 0.159995 0.711639 0.711639 0.711639
3064.313232 0.000000 2111.753174 0.000000 0.209121 0.000000 0.977890 0.425295 0.425295 0.425295
3066.460938 0.000000 2136.565186 0.000000 0.998865 0.000000 -0.047636 0.761377 0.761377 0.761377
3071.061035 0.000000 2119.723389 0.000000 0.039011 0.000000 -0.999239 1.115685 1.115685 1.115685
3066.286865 0.000000 2137.873291 0.000000 0.832026 0.000000 -0.554736 0.890386 0.890386 0.890386
3033.624268 0.000000 2161.955566 0.000000 0.749310 0.000000 0.662219 0.577211 0.577211 0.577211
3015.459473 0.000000 2143.546387 0.000000 0.744284 0.000000 -0.667864 0.924593 0.924593 0.924593
3028.344971 0.000000 2151.832764 0.000000 0.012297 0.000000 -0.999924 1.122064 1.122064 1.122064
3015.572510 0.000000 2172.502197 0.000000 0.093925 0.000000 0.995579 0.397456 0.397456 0.397456
3035.407227 0.000000 2161.905762 0.000000 0.462036 0.000000 -0.886861 1.010339 1.010339 1.010339
3014.127441 0.000000 2172.042480 0.000000 0.971332 0.000000 -0.237726 0.807301 0.807301 0.807301
3015.428467 0.000000 2145.075928 0.000000 0.790897 0.000000 -0.611949 0.907211 0.907211 0.907211
3028.526855 0.000000 2150.436035 0.000000 0.882855 0.000000 0.469646 0.633286 0.633286 0.633286
3014.561279 0.000000 2173.471680 0.000000 0.546008 0.000000 -0.837780 0.987110 0.987110 0.987110
3029.741211 0.000000 2151.104980 0.000000 0.300065 0.000000 0.953919 0.447756 0.447756 0.447756
3063.768311 0.000000 2154.448242 0.000000 0.378594 0.000000 -0.925563 1.032306 1.032306 1.032306
3044.001709 0.000000 2147.433594 0.000000 0.824444 0.000000 0.565944 0.606384 0.606384 0.606384
3043.852051 0.000000 2153.909912 0.000000 0.951580 0.000000 -0.307401 0.824595 0.824595 0.824595
3040.004395 0.000000 2155.376221 0.000000 0.981832 0.000000 -0.189752 0.795576 0.795576 0.795576
3050.080322 0.000000 2162.734863 0.000000 0.429054 0.000000 0.903279 0.480865 0.480865 0.480865
3043.493164 0.000000 2144.099121 0.000000 0.892971 0.000000 -0.450113 0.861462 0.861462 0.861462
3049.424805 0.000000 2154.209717 0.000000 0.792969 0.000000 -0.609261 0.906401 0.906401 0.906401
3065.425293 0.000000 2153.195068 0.000000 0.802167 0.000000 0.597100 0.597240 0.597240 0.597240
3045.571533 0.000000 2144.367676 0.000000 0.514313 0.000000 -0.857603 0.996035 0.996035 0.996035
3050.968018 0.000000 2161.112061 0.000000 0.201303 0.000000 0.979529 0.423388 0.423388 0.423388
3049.736084 0.000000 2152.398193 0.000000 0.675330 0.000000 0.737516 0.551999 0.551999 0.551999
3044.408936 0.000000 2145.685791 0.000000 0.178455 0.000000 -0.983948 1.082168 1.082168 1.082168
3042.549072 0.000000 2154.561768 0.000000 0.864329 0.000000 -0.502927 0.875808 0.875808 0.875808
3043.519287 0.000000 2155.492188 0.000000 0.346215 0.000000 0.938155 0.459400 0.459400 0.459400
2858.967285 0.000000 2176.553711 0.000000 0.704498 0.000000 -0.709706 0.938379 0.938379 0.938379
2887.475098 0.000000 2175.538574 0.000000 0.668967 0.000000 -0.743293 0.950053 0.950053 0.950053
2891.558350 0.000000 2180.350098 0.000000 0.929847 0.000000 -0.367947 0.839954 0.839954 0.839954
2890.781250 0.000000 2178.532959 0.000000 0.974362 0.000000 -0.224985 0.804175 0.804175 0.804175
2890.385986 0.000000 2179.761719 0.000000 0.999365 0.000000 0.035637 0.741491 0.741491 0.741491
2993.498779 0.000000 2175.591553 0.000000 0.979444 0.000000 0.201719 0.701510 0.701510 0.701510
3037.130859 0.000000 2189.193604 0.000000 0.642714 0.000000 0.766107 0.541644 0.541644 0.541644
3022.647217 0.000000 2176.346680 0.000000 0.159490 0.000000 -0.987199 1.086761 1.086761 1.086761
3023.002197 0.000000 2178.014160 0.000000 0.262988 0.000000 -0.964799 1.061469 1.061469 1.061469
3051.854492 0.000000 2186.552002 0.000000 0.976197 0.000000 0.216886 0.697807 0.697807 0.697807
3047.027588 0.000000 2188.676270 0.000000 0.446938 0.000000 0.894565 0.485614 0.485614 0.485614
3043.056396 0.000000 2194.129395 0.000000 0.917425 0.000000 0.397908 0.652302 0.652302 0.652302
3045.211670 0.000000 2195.930176 0.000000 0.897389 0.000000 -0.441240 0.859096 0.859096 0.859096
3053.575439 0.000000 2185.154785 0.000000 0.106225 0.000000 -0.994342 1.099593 1.099593 1.099593
3044.802734 0.000000 2194.074707 0.000000 0.990188 0.000000 -0.139741 0.783470 0.783470 0.783470
3047.209473 0.000000 2190.590820 0.000000 0.970884 0.000000 -0.239551 0.807750 0.807750 0.807750
3129.361816 0.000000 2109.679932 0.000000 0.918663 0.000000 -0.395043 0.846953 0.846953 0.846953
3131.982422 0.000000 2108.441406 0.000000 0.998214 0.000000 0.059739 0.735730 0.735730 0.735730
3130.965332 0.000000 2109.850098 0.000000 0.859174 0.000000 0.511683 0.621767 0.621767 0.621767
3094.610596 0.000000 2137.440674 0.000000 0.614913 0.000000 0.788595 0.533107 0.533107 0.533107
3097.242188 0.000000 2138.759521 0.000000 0.956552 0.000000 0.291561 0.679369 0.679369 0.679369
3083.563721 0.000000 2120.458496 0.000000 0.620598 0.000000 -0.784129 0.965167 0.965167 0.965167
3095.267578 0.000000 2138.957031 0.000000 0.840927 0.000000 -0.541148 0.886508 0.886508 0.886508
3082.716553 0.000000 2121.680908 0.000000 0.023781 0.000000 -0.999717 1.119322 1.119322 1.119322
3120.578613 0.000000 2121.969727 0.000000 0.811196 0.000000 0.584774 0.600887 0.600887 0.600887
3115.846680 0.000000 2122.567627 0.000000 0.579109 0.000000 0.815250 0.522450 0.522450 0.522450
3119.246094 0.000000 2126.081055 0.000000 0.893336 0.000000 -0.449390 0.861269 0.861269 0.861269
3113.416992 0.000000 2122.217529 0.000000 0.972433 0.000000 -0.233182 0.806185 0.806185 0.806185
3124.124512 0.000000 2139.774658 0.000000 0.966473 0.000000 -0.256768 0.811993 0.811993 0.811993
3124.509277 0.000000 2137.296387 0.000000 0.990516 0.000000 0.137398 0.717095 0.717095 0.717095
3125.720459 0.000000 2138.913086 0.000000 0.690362 0.000000 0.723464 0.556912 0.556912 0.556912
3119.096924 0.000000 2127.724365 0.000000 0.798275 0.000000 -0.602293 0.904310 0.904310 0.904310
3120.715820 0.000000 2120.574463 0.000000 0.819114 0.000000 0.573631 0.604151 0.604151 0.604151
3121.873535 0.000000 2121.336914 0.000000 0.037384 0.000000 -0.999301 1.116073 1.116073 1.116073
3114.056152 0.000000 2123.383545 0.000000 0.861556 0.000000 0.507663 0.622882 0.622882 0.622882
3086.479004 0.000000 2167.330811 0.000000 0.709311 0.000000 0.704895 0.563245 0.563245 0.563245
3080.354980 0.000000 2159.486572 0.000000 0.160485 0.000000 -0.987038 1.086521 1.086521 1.086521
3080.370605 0.000000 2161.620117 0.000000 0.682697 0.000000 0.730702 0.554395 0.554395 0.554395
3099.538574 0.000000 2158.430908 0.000000 0.375740 0.000000 -0.926725 1.033041 1.033041 1.033041
3081.667725 0.000000 2158.576172 0.000000 0.195073 0.000000 -0.980789 1.078129 1.078129 1.078129
3099.082764 0.000000 2159.605225 0.000000 0.042375 0.000000 0.999102 0.385119 0.385119 0.385119
3123.465332 0.000000 2173.986816 0.000000 0.637368 0.000000 0.770559 0.539983 0.539983 0.539983
3111.646240 0.000000 2152.373779 0.000000 0.123139 0.000000 0.992389 0.404472 0.404472 0.404472
3129.361816 0.000000 2173.664307 0.000000 0.991800 0.000000 -0.127798 0.780593 0.780593 0.780593
3121.109375 0.000000 2162.850098 0.000000 0.989216 0.000000 -0.146466 0.785092 0.785092 0.785092
3123.640137 0.000000 2163.194580 0.000000 0.957242 0.000000 -0.289287 0.820064 0.820064 0.820064
3120.647217 0.000000 2160.254395 0.000000 0.227063 0.000000 0.973880 0.429684 0.429684 0.429684
3113.416992 0.000000 2154.209717 0.000000 0.609558 0.000000 -0.792742 0.968510 0.968510 0.968510
3110.255615 0.000000 2154.233398 0.000000 0.127277 0.000000 -0.991867 1.094532 1.094532 1.094532
3121.694580 0.000000 2174.721680 0.000000 0.123384 0.000000 0.992359 0.404531 0.404531 0.404531
3122.586914 0.000000 2161.668213 0.000000 0.949325 0.000000 0.314296 0.673674 0.673674 0.673674
3111.880127 0.000000 2155.104004 0.000000 0.642792 0.000000 -0.766041 0.958332 0.958332 0.958332
3122.837646 0.000000 2175.042725 0.000000 0.890861 0.000000 -0.454277 0.862577 0.862577 0.862577
3141.202637 0.000000 2141.697021 0.000000 0.774345 0.000000 0.632764 0.586440 0.586440 0.586440
3139.044678 0.000000 2130.145020 0.000000 0.914288 0.000000 0.405065 0.650437 0.650437 0.650437
3141.199951 0.000000 2131.945801 0.000000 0.530920 0.000000 0.847422 0.508615 0.508615 0.508615
3143.556885 0.000000 2140.510010 0.000000 0.706199 0.000000 0.708014 0.562194 0.562194 0.562194
3140.663818 0.000000 2124.176758 0.000000 0.981243 0.000000 -0.192773 0.796311 0.796311 0.796311
3138.259521 0.000000 2124.088867 0.000000 0.732999 0.000000 -0.680230 0.928590 0.928590 0.928590
3140.791016 0.000000 2130.090332 0.000000 0.770596 0.000000 0.637324 0.585031 0.585031 0.585031
3140.563721 0.000000 2125.955566 0.000000 0.707809 0.000000 0.706404 0.562737 0.562737 0.562737
3142.111816 0.000000 2140.050293 0.000000 0.380727 0.000000 -0.924688 1.031755 1.031755 1.031755
3142.545654 0.000000 2141.479492 0.000000 0.859011 0.000000 0.511958 0.621690 0.621690 0.621690
3143.622559 0.000000 2141.990479 0.000000 0.207721 0.000000 -0.978188 1.075047 1.075047 1.075047
3172.328613 0.000000 2134.643066 0.000000 0.148820 0.000000 -0.988864 1.089339 1.089339 1.089339
3195.336426 0.000000 2122.130859 0.000000 0.965917 0.000000 0.258853 0.687492 0.687492 0.687492
3167.938477 0.000000 2142.176025 0.000000 0.064710 0.000000 -0.997904 1.109541 1.109541 1.109541
3170.191650 0.000000 2134.536377 0.000000 0.937705 0.000000 0.347432 0.665290 0.665290 0.665290
3196.988281 0.000000 2122.908936 0.000000 0.998230 0.000000 -0.059468 0.764205 0.764205 0.764205
3166.593018 0.000000 2144.167725 0.000000 0.524167 0.000000 0.851615 0.506717 0.506717 0.506717
3140.163574 0.000000 2169.188965 0.000000 0.609707 0.000000 -0.792627 0.968465 0.968465 0.968465
3165.002197 0.000000 2162.657227 0.000000 0.292571 0.000000 0.956244 0.445883 0.445883 0.445883
3167.377197 0.000000 2145.810059 0.000000 0.990944 0.000000 0.134273 0.717848 0.717848 0.717848
3141.591553 0.000000 2169.098877 0.000000 0.050608 0.000000 0.998719 0.387087 0.387087 0.387087
3194.868408 0.000000 2147.116211 0.000000 0.886851 0.000000 -0.462055 0.864666 0.864666 0.864666
3195.676758 0.000000 2149.317627 0.000000 0.114094 0.000000 0.993470 0.402297 0.402297 0.402297
3167.719727 0.000000 2145.512939 0.000000 0.998895 0.000000 0.047005 0.738774 0.738774 0.738774
3194.319580 0.000000 2148.625244 0.000000 0.895390 0.000000 0.445283 0.639827 0.639827 0.639827
3202.251709 0.000000 2092.096680 0.000000 0.015965 0.000000 0.999873 0.378812 0.378812 0.378812
3203.466064 0.000000 2092.992676 0.000000 0.984862 0.000000 0.173340 0.708408 0.708408 0.708408
3205.220703 0.000000 2111.125977 0.000000 0.927959 0.000000 0.372683 0.658829 0.658829 0.658829
3254.591064 0.000000 2105.448486 0.000000 0.688329 0.000000 0.725399 0.556242 0.556242 0.556242
3261.649902 0.000000 2101.106934 0.000000 0.566868 0.000000 -0.823809 0.981116 0.981116 0.981116
3258.926514 0.000000 2100.364258 0.000000 0.511745 0.000000 0.859137 0.503251 0.503251 0.503251
3260.990479 0.000000 2098.672852 0.000000 0.872224 0.000000 0.489106 0.627992 0.627992 0.627992
3260.186279 0.000000 2101.525146 0.000000 0.938558 0.000000 -0.345121 0.834122 0.834122 0.834122
3260.383789 0.000000 2099.993652 0.000000 0.585487 0.000000 -0.810682 0.975677 0.975677 0.975677
3255.955811 0.000000 2105.827148 0.000000 0.596542 0.000000 -0.802582 0.972406 0.972406 0.972406
3261.741699 0.000000 2099.752197 0.000000 0.980402 0.000000 0.197007 0.702658 0.702658 0.702658
3255.457764 0.000000 2104.532959 0.000000 0.990716 0.000000 0.135950 0.717444 0.717444 0.717444
3256.975830 0.000000 2117.305664 0.000000 0.456811 0.000000 0.889564 0.488256 0.488256 0.488256
3258.555420 0.000000 2119.527832 0.000000 0.960192 0.000000 -0.279341 0.817587 0.817587 0.817587
3259.668945 0.000000 2117.325439 0.000000 0.985275 0.000000 -0.170979 0.791020 0.791020 0.791020
3263.537598 0.000000 2134.766113 0.000000 0.553186 0.000000 0.833058 0.514941 0.514941 0.514941
3258.311768 0.000000 2116.633057 0.000000 0.978647 0.000000 0.205547 0.700577 0.700577 0.700577
3211.096436 0.000000 2159.192383 0.000000 0.461039 0.000000 0.887380 0.489392 0.489392 0.489392
3220.800537 0.000000 2147.615723 0.000000 0.869697 0.000000 0.493586 0.626764 0.626764 0.626764
3219.722900 0.000000 2145.035889 0.000000 0.357632 0.000000 -0.933862 1.037688 1.037688 1.037688
3218.622314 0.000000 2147.426025 0.000000 0.729692 0.000000 -0.683776 0.929748 0.929748 0.929748
3210.948486 0.000000 2161.112061 0.000000 0.500851 0.000000 -0.865534 0.999765 0.999765 0.999765
3235.978271 0.000000 2147.433594 0.000000 0.937247 0.000000 -0.348666 0.835024 0.835024 0.835024
3234.030762 0.000000 2149.226318 0.000000 0.241515 0.000000 0.970397 0.433233 0.433233 0.433233
3234.163086 0.000000 2147.385742 0.000000 0.171229 0.000000 0.985231 0.416080 0.416080 0.416080
3235.003418 0.000000 2146.149414 0.000000 0.636235 0.000000 0.771496 0.539632 0.539632 0.539632
3264.589600 0.000000 2132.989990 0.000000 0.999185 0.000000 0.040363 0.740361 0.740361 0.740361
3274.916504 0.000000 2112.569336 0.000000 0.201198 0.000000 0.979551 0.423363 0.423363 0.423363
3278.615967 0.000000 2112.362305 0.000000 0.993810 0.000000 0.111092 0.723424 0.723424 0.723424
3276.723877 0.000000 2113.539795 0.000000 0.243647 0.000000 -0.969864 1.066242 1.066242 1.066242
3263.717285 0.000000 2134.767822 0.000000 0.911539 0.000000 0.411213 0.648829 0.648829 0.648829
3099.945312 0.000000 2201.645752 0.000000 0.960539 0.000000 0.278145 0.682710 0.682710 0.682710
3101.263428 0.000000 2182.946777 0.000000 0.511274 0.000000 -0.859418 0.996880 0.996880 0.996880
3088.904541 0.000000 2181.772949 0.000000 0.999858 0.000000 0.016865 0.745974 0.745974 0.745974
3093.715088 0.000000 2193.392090 0.000000 0.830614 0.000000 -0.556848 0.890992 0.890992 0.890992
3099.752441 0.000000 2198.998779 0.000000 0.717885 0.000000 -0.696162 0.933833 0.933833 0.933833
3076.671631 0.000000 2188.161133 0.000000 0.799048 0.000000 -0.601267 0.904003 0.904003 0.904003
3091.397949 0.000000 2181.586182 0.000000 0.981417 0.000000 0.191885 0.703905 0.703905 0.703905
3089.966309 0.000000 2183.919189 0.000000 0.352964 0.000000 0.935637 0.461120 0.461120 0.461120
3099.688477 0.000000 2181.309814 0.000000 0.743926 0.000000 0.668262 0.575279 0.575279 0.575279
3095.781982 0.000000 2192.920410 0.000000 0.996157 0.000000 -0.087588 0.770937 0.770937 0.770937
3090.590820 0.000000 2193.660400 0.000000 0.042513 0.000000 0.999096 0.385152 0.385152 0.385152
3098.457031 0.000000 2200.549561 0.000000 0.270963 0.000000 -0.962590 1.059493 1.059493 1.059493
3101.192871 0.000000 2180.562744 0.000000 0.913553 0.000000 0.406719 0.650005 0.650005 0.650005
3092.842529 0.000000 2192.005615 0.000000 0.200208 0.000000 0.979753 0.423121 0.423121 0.423121
3098.331299 0.000000 2180.617432 0.000000 0.699790 0.000000 -0.714349 0.939958 0.939958 0.939958
3092.068604 0.000000 2193.273682 0.000000 0.889578 0.000000 0.456784 0.636751 0.636751 0.636751
3077.993652 0.000000 2187.695312 0.000000 0.701921 0.000000 -0.712255 0.939245 0.939245 0.939245
3076.939941 0.000000 2186.747803 0.000000 0.989861 0.000000 -0.142036 0.784024 0.784024 0.784024
3098.282959 0.000000 2201.857666 0.000000 0.654531 0.000000 0.756035 0.545350 0.545350 0.545350
3131.147949 0.000000 2175.844971 0.000000 0.570573 0.000000 -0.821247 0.980041 0.980041 0.980041
3121.483154 0.000000 2175.591553 0.000000 0.733681 0.000000 0.679494 0.571649 0.571649 0.571649
3124.333252 0.000000 2183.824951 0.000000 0.695105 0.000000 0.718908 0.558482 0.558482 0.558482
3124.168457 0.000000 2188.092285 0.000000 0.999745 0.000000 0.022567 0.744612 0.744612 0.744612
3112.351074 0.000000 2191.478760 0.000000 0.875259 0.000000 -0.483655 0.870518 0.870518 0.870518
3134.117188 0.000000 2185.517334 0.000000 0.014807 0.000000 -0.999890 1.121465 1.121465 1.121465
3125.279785 0.000000 2185.998535 0.000000 0.919859 0.000000 0.392250 0.653773 0.653773 0.653773
3122.982178 0.000000 2186.091553 0.000000 0.890410 0.000000 0.455159 0.637187 0.637187 0.637187
3128.305420 0.000000 2175.737549 0.000000 0.476178 0.000000 -0.879349 1.006516 1.006516 1.006516
3119.208008 0.000000 2194.158447 0.000000 0.570823 0.000000 -0.821073 0.979968 0.979968 0.979968
3113.663818 0.000000 2190.568359 0.000000 0.666315 0.000000 0.745671 0.549097 0.549097 0.549097
3122.900391 0.000000 2175.688232 0.000000 0.649555 0.000000 -0.760315 0.956216 0.956216 0.956216
3122.929688 0.000000 2188.705811 0.000000 0.941082 0.000000 0.338178 0.667642 0.667642 0.667642
3118.807373 0.000000 2196.825439 0.000000 0.810069 0.000000 0.586334 0.600428 0.600428 0.600428
3102.600830 0.000000 2208.152100 0.000000 0.622813 0.000000 -0.782371 0.964492 0.964492 0.964492
3105.531738 0.000000 2209.672363 0.000000 0.547697 0.000000 -0.836677 0.986628 0.986628 0.986628
3104.709473 0.000000 2208.626465 0.000000 0.378831 0.000000 -0.925466 1.032245 1.032245 1.032245
3136.368408 0.000000 2183.396973 0.000000 0.995726 0.000000 -0.092362 0.772081 0.772081 0.772081
3138.042480 0.000000 2181.218506 0.000000 0.525826 0.000000 -0.850592 0.992817 0.992817 0.992817
3137.473877 0.000000 2185.483398 0.000000 0.986064 0.000000 -0.166369 0.789903 0.789903 0.789903
3138.619873 0.000000 2183.546143 0.000000 0.877341 0.000000 -0.479867 0.869486 0.869486 0.869486
3139.757812 0.000000 2181.198975 0.000000 0.616931 0.000000 0.787017 0.533718 0.533718 0.533718
3137.570801 0.000000 2182.582764 0.000000 0.745313 0.000000 -0.666715 0.924225 0.924225 0.924225
"}
