object={
	name="tree_palm_generator_1_0"
	clamp_to_water_level=no
	render_under_water=no
	generated_content=yes
	layer="tree_layer"
	pdxmesh="tree_palm_mesh"
	count=1004
	transform="1270.669434 0.000000 1913.766724 0.000000 0.039507 0.000000 0.999219 0.431312 0.431312 0.431312
1266.839722 0.000000 1916.251465 0.000000 0.963382 0.000000 -0.268133 0.793229 0.793229 0.793229
1268.803955 0.000000 1915.227905 0.000000 0.403104 0.000000 -0.915154 0.930178 0.930178 0.930178
1266.568115 0.000000 1917.807373 0.000000 0.622135 0.000000 0.782910 0.606783 0.606783 0.606783
1270.880493 0.000000 1915.231323 0.000000 0.389621 0.000000 0.920975 0.583314 0.583314 0.583314
1266.575195 0.000000 1914.867188 0.000000 0.999140 0.000000 -0.041454 0.755346 0.755346 0.755346
1267.740601 0.000000 1914.805298 0.000000 0.882145 0.000000 -0.470978 0.813220 0.813220 0.813220
1261.332520 0.000000 1940.433960 0.000000 0.661879 0.000000 -0.749610 0.885435 0.885435 0.885435
1278.076538 0.000000 1941.436035 0.000000 0.796865 0.000000 -0.604157 0.869704 0.869704 0.869704
1279.664551 0.000000 1942.984619 0.000000 0.935038 0.000000 0.354547 0.711013 0.711013 0.711013
1278.228271 0.000000 1943.658691 0.000000 0.115049 0.000000 0.993360 0.593433 0.593433 0.593433
1260.242065 0.000000 1941.437012 0.000000 0.901025 0.000000 -0.433767 0.821702 0.821702 0.821702
1261.435425 0.000000 1938.995728 0.000000 0.374921 0.000000 -0.927057 0.926949 0.926949 0.926949
1261.954224 0.000000 1941.534790 0.000000 0.976823 0.000000 0.214051 0.715526 0.715526 0.715526
1278.646606 0.000000 1942.474365 0.000000 0.936132 0.000000 -0.351649 0.788653 0.788653 0.788653
1307.529663 0.000000 1897.802246 0.000000 0.936594 0.000000 0.350416 0.683736 0.683736 0.683736
1286.104126 0.000000 1902.213501 0.000000 0.004480 0.000000 0.999990 0.482090 0.482090 0.482090
1289.284058 0.000000 1902.592896 0.000000 0.683210 0.000000 0.730222 0.645383 0.645383 0.645383
1305.526245 0.000000 1897.032593 0.000000 0.205897 0.000000 0.978574 0.539771 0.539771 0.539771
1305.948486 0.000000 1898.540771 0.000000 0.424131 0.000000 -0.905601 0.952667 0.952667 0.952667
1287.530762 0.000000 1902.474487 0.000000 0.950549 0.000000 -0.310576 0.804016 0.804016 0.804016
1304.106323 0.000000 1897.036499 0.000000 0.637704 0.000000 0.770281 0.614421 0.614421 0.614421
1288.855591 0.000000 1903.751465 0.000000 0.375492 0.000000 -0.926826 0.901545 0.901545 0.901545
1337.020874 0.000000 1917.735352 0.000000 0.795048 0.000000 -0.606546 0.839141 0.839141 0.839141
1337.427734 0.000000 1914.821777 0.000000 0.999026 0.000000 -0.044119 0.758540 0.758540 0.758540
1334.313232 0.000000 1916.649902 0.000000 0.271167 0.000000 0.962532 0.529021 0.529021 0.529021
1336.099487 0.000000 1916.153442 0.000000 0.050697 0.000000 0.998714 0.542084 0.542084 0.542084
1337.038818 0.000000 1916.669678 0.000000 0.991039 0.000000 -0.133574 0.768325 0.768325 0.768325
1454.076416 0.000000 1887.033569 0.000000 0.983468 0.000000 0.181084 0.719878 0.719878 0.719878
1456.949829 0.000000 1886.123413 0.000000 0.982328 0.000000 0.187170 0.726891 0.726891 0.726891
1455.987549 0.000000 1887.469727 0.000000 0.999124 0.000000 -0.041854 0.756926 0.756926 0.756926
1456.065186 0.000000 1886.435791 0.000000 0.152006 0.000000 -0.988380 0.924065 0.924065 0.924065
1456.883911 0.000000 1887.139404 0.000000 0.969329 0.000000 0.245766 0.719523 0.719523 0.719523
1412.108765 0.000000 1912.473145 0.000000 0.329553 0.000000 -0.944137 0.946667 0.946667 0.946667
1415.619873 0.000000 1904.013550 0.000000 0.529645 0.000000 -0.848219 0.868597 0.868597 0.868597
1429.431885 0.000000 1898.428955 0.000000 0.052033 0.000000 -0.998645 0.987592 0.987592 0.987592
1415.512451 0.000000 1907.869019 0.000000 0.117031 0.000000 0.993128 0.498121 0.498121 0.498121
1415.392822 0.000000 1905.986694 0.000000 0.760376 0.000000 -0.649483 0.832792 0.832792 0.832792
1426.535400 0.000000 1899.341431 0.000000 0.659762 0.000000 0.751474 0.627010 0.627010 0.627010
1428.071411 0.000000 1898.965088 0.000000 0.987091 0.000000 -0.160157 0.775163 0.775163 0.775163
1411.573242 0.000000 1913.835693 0.000000 0.795633 0.000000 -0.605780 0.845588 0.845588 0.845588
1412.839844 0.000000 1913.560425 0.000000 0.641026 0.000000 0.767519 0.610664 0.610664 0.610664
1414.290894 0.000000 1905.257690 0.000000 0.956185 0.000000 0.292764 0.715202 0.715202 0.715202
1410.871338 0.000000 1912.161621 0.000000 0.356042 0.000000 -0.934470 0.927263 0.927263 0.927263
1428.968506 0.000000 1899.877319 0.000000 0.823943 0.000000 -0.566673 0.844249 0.844249 0.844249
1415.819946 0.000000 1905.034058 0.000000 0.071211 0.000000 -0.997461 0.925623 0.925623 0.925623
1414.730835 0.000000 1904.373901 0.000000 0.355301 0.000000 -0.934752 0.891429 0.891429 0.891429
1451.311035 0.000000 1903.255005 0.000000 0.999590 0.000000 0.028637 0.746002 0.746002 0.746002
1457.572266 0.000000 1887.820312 0.000000 0.560774 0.000000 0.827969 0.630274 0.630274 0.630274
1444.224976 0.000000 1897.703125 0.000000 0.493873 0.000000 0.869534 0.580927 0.580927 0.580927
1446.623413 0.000000 1897.930786 0.000000 0.913252 0.000000 0.407396 0.692843 0.692843 0.692843
1449.264526 0.000000 1902.592896 0.000000 0.819282 0.000000 -0.573391 0.862336 0.862336 0.862336
1444.434082 0.000000 1896.132080 0.000000 0.103277 0.000000 0.994653 0.514681 0.514681 0.514681
1446.797363 0.000000 1896.396118 0.000000 0.924188 0.000000 0.381938 0.696617 0.696617 0.696617
1456.030029 0.000000 1887.978638 0.000000 0.461549 0.000000 -0.887115 0.883913 0.883913 0.883913
1445.539307 0.000000 1896.941284 0.000000 0.367457 0.000000 -0.930040 0.941568 0.941568 0.941568
1450.169067 0.000000 1903.519409 0.000000 0.676061 0.000000 0.736845 0.634366 0.634366 0.634366
1447.545410 0.000000 1897.243408 0.000000 0.695762 0.000000 -0.718272 0.859154 0.859154 0.859154
1476.100952 0.000000 1880.480957 0.000000 0.866375 0.000000 -0.499395 0.834740 0.834740 0.834740
1478.812256 0.000000 1880.376587 0.000000 0.975446 0.000000 0.220237 0.712891 0.712891 0.712891
1477.821655 0.000000 1878.411743 0.000000 0.870529 0.000000 -0.492118 0.847833 0.847833 0.847833
1476.832031 0.000000 1881.568237 0.000000 0.909137 0.000000 0.416497 0.680382 0.680382 0.680382
1525.309082 0.000000 1859.520142 0.000000 0.996172 0.000000 -0.087417 0.767921 0.767921 0.767921
1527.743042 0.000000 1859.984009 0.000000 0.410697 0.000000 -0.911772 0.930172 0.930172 0.930172
1526.133301 0.000000 1861.876099 0.000000 0.632352 0.000000 0.774681 0.618330 0.618330 0.618330
1526.589722 0.000000 1858.004883 0.000000 0.654377 0.000000 -0.756168 0.884619 0.884619 0.884619
1527.578613 0.000000 1861.396362 0.000000 0.470254 0.000000 0.882531 0.589357 0.589357 0.589357
1526.317383 0.000000 1860.486816 0.000000 0.999463 0.000000 -0.032771 0.754870 0.754870 0.754870
1526.671021 0.000000 1859.285156 0.000000 0.798046 0.000000 -0.602597 0.851541 0.851541 0.851541
1306.956665 0.000000 1950.468018 0.000000 0.578923 0.000000 -0.815382 0.887366 0.887366 0.887366
1326.226196 0.000000 1927.186646 0.000000 0.833962 0.000000 -0.551822 0.853924 0.853924 0.853924
1326.857666 0.000000 1929.150879 0.000000 0.254970 0.000000 -0.966949 0.915576 0.915576 0.915576
1326.890381 0.000000 1928.072754 0.000000 0.527626 0.000000 -0.849477 0.877998 0.877998 0.877998
1327.879028 0.000000 1929.357544 0.000000 0.995798 0.000000 -0.091580 0.761565 0.761565 0.761565
1307.370483 0.000000 1951.899536 0.000000 0.611336 0.000000 -0.791371 0.881554 0.881554 0.881554
1307.871094 0.000000 1953.906006 0.000000 0.147231 0.000000 -0.989102 0.985408 0.985408 0.985408
1397.324707 0.000000 1923.504517 0.000000 0.963888 0.000000 -0.266308 0.801558 0.801558 0.801558
1399.758667 0.000000 1923.968384 0.000000 0.841484 0.000000 -0.540282 0.831597 0.831597 0.831597
1398.148926 0.000000 1925.860474 0.000000 0.749149 0.000000 0.662401 0.620467 0.620467 0.620467
1398.686646 0.000000 1923.269531 0.000000 0.672523 0.000000 0.740076 0.630889 0.630889 0.630889
1437.660400 0.000000 1922.719971 0.000000 0.142028 0.000000 -0.989863 0.997510 0.997510 0.997510
1434.270264 0.000000 1923.182861 0.000000 0.827276 0.000000 -0.561795 0.858739 0.858739 0.858739
1434.790161 0.000000 1925.286499 0.000000 0.648059 0.000000 -0.761590 0.909756 0.909756 0.909756
1436.095825 0.000000 1923.898682 0.000000 0.423930 0.000000 0.905695 0.553658 0.553658 0.553658
1444.661987 0.000000 1924.653931 0.000000 0.061452 0.000000 0.998110 0.509645 0.509645 0.509645
1445.875977 0.000000 1922.334351 0.000000 0.220799 0.000000 0.975319 0.530006 0.530006 0.530006
1445.893433 0.000000 1925.792969 0.000000 0.061883 0.000000 -0.998083 0.990286 0.990286 0.990286
1444.459473 0.000000 1922.764038 0.000000 0.858039 0.000000 -0.513584 0.838012 0.838012 0.838012
1452.013184 0.000000 1982.348755 0.000000 0.858337 0.000000 -0.513087 0.843063 0.843063 0.843063
1450.611572 0.000000 1983.692627 0.000000 0.796892 0.000000 0.604122 0.621560 0.621560 0.621560
1463.750854 0.000000 1987.952759 0.000000 0.736380 0.000000 -0.676568 0.834526 0.834526 0.834526
1462.141113 0.000000 1989.844849 0.000000 0.953309 0.000000 -0.301996 0.803680 0.803680 0.803680
1463.586426 0.000000 1989.365112 0.000000 0.926440 0.000000 -0.376443 0.817533 0.817533 0.817533
1462.678833 0.000000 1987.253906 0.000000 0.962168 0.000000 -0.272457 0.781388 0.781388 0.781388
1463.449219 0.000000 1986.633911 0.000000 0.847601 0.000000 -0.530634 0.813625 0.813625 0.813625
1980.967163 0.000000 1766.333008 0.000000 0.806857 0.000000 0.590747 0.656812 0.656812 0.656812
1982.396851 0.000000 1777.646240 0.000000 0.196871 0.000000 -0.980429 0.991721 0.991721 0.991721
1974.235107 0.000000 1788.681152 0.000000 0.346390 0.000000 -0.938090 0.922624 0.922624 0.922624
1978.818115 0.000000 1767.460815 0.000000 0.602108 0.000000 -0.798415 0.893615 0.893615 0.893615
1972.547241 0.000000 1789.084106 0.000000 0.497478 0.000000 0.867477 0.556228 0.556228 0.556228
1982.599487 0.000000 1776.063843 0.000000 0.999864 0.000000 0.016499 0.747094 0.747094 0.747094
1981.152710 0.000000 1776.910278 0.000000 0.228358 0.000000 0.973577 0.535036 0.535036 0.535036
1975.453613 0.000000 1789.396362 0.000000 0.883286 0.000000 0.468835 0.680789 0.680789 0.680789
1979.607056 0.000000 1766.394165 0.000000 0.903205 0.000000 0.429210 0.681099 0.681099 0.681099
1980.374512 0.000000 1767.409302 0.000000 0.699849 0.000000 -0.714291 0.867315 0.867315 0.867315
1990.471680 0.000000 1755.802124 0.000000 0.999991 0.000000 0.004266 0.749297 0.749297 0.749297
1987.886353 0.000000 1749.324341 0.000000 0.934750 0.000000 -0.355307 0.811315 0.811315 0.811315
1988.356079 0.000000 1754.923950 0.000000 0.077291 0.000000 0.997009 0.538179 0.538179 0.538179
1990.048828 0.000000 1754.084717 0.000000 0.988051 0.000000 -0.154127 0.775512 0.775512 0.775512
1986.410034 0.000000 1748.355469 0.000000 0.949986 0.000000 0.312293 0.696389 0.696389 0.696389
1987.679443 0.000000 1750.942627 0.000000 0.142654 0.000000 0.989773 0.545103 0.545103 0.545103
1991.488647 0.000000 1754.608887 0.000000 0.968408 0.000000 0.249371 0.708449 0.708449 0.708449
1986.490967 0.000000 1749.848389 0.000000 0.329724 0.000000 -0.944077 0.958429 0.958429 0.958429
1989.358276 0.000000 1755.555420 0.000000 0.161544 0.000000 0.986866 0.550219 0.550219 0.550219
1632.051392 0.000000 1849.113037 0.000000 0.375650 0.000000 0.926761 0.557849 0.557849 0.557849
1641.613525 0.000000 1842.664307 0.000000 0.207938 0.000000 0.978142 0.477388 0.477388 0.477388
1634.256592 0.000000 1850.265137 0.000000 0.648034 0.000000 0.761612 0.581970 0.581970 0.581970
1632.353760 0.000000 1851.497314 0.000000 0.165523 0.000000 0.986206 0.512133 0.512133 0.512133
1643.341675 0.000000 1843.713501 0.000000 0.988609 0.000000 0.150505 0.724074 0.724074 0.724074
1633.598633 0.000000 1848.751221 0.000000 0.916236 0.000000 0.400638 0.683198 0.683198 0.683198
1642.923340 0.000000 1841.674072 0.000000 0.716169 0.000000 -0.697927 0.866510 0.866510 0.866510
1632.875000 0.000000 1850.223877 0.000000 0.229223 0.000000 0.973374 0.523140 0.523140 0.523140
1642.933716 0.000000 1840.432983 0.000000 0.962870 0.000000 0.269965 0.708772 0.708772 0.708772
1537.504639 0.000000 1858.531494 0.000000 0.063148 0.000000 0.998004 0.585286 0.585286 0.585286
1537.954468 0.000000 1859.627197 0.000000 0.491573 0.000000 -0.870836 0.865472 0.865472 0.865472
1536.520630 0.000000 1858.116089 0.000000 0.116767 0.000000 -0.993159 0.908831 0.908831 0.908831
1536.815186 0.000000 1859.305908 0.000000 0.272354 0.000000 0.962197 0.608519 0.608519 0.608519
1572.646362 0.000000 1860.669556 0.000000 0.785003 0.000000 0.619491 0.681886 0.681886 0.681886
1582.194946 0.000000 1863.202271 0.000000 0.473753 0.000000 0.880658 0.634725 0.634725 0.634725
1573.860352 0.000000 1858.349976 0.000000 0.999305 0.000000 0.037267 0.743687 0.743687 0.743687
1583.290771 0.000000 1861.294189 0.000000 0.658102 0.000000 -0.752929 0.909224 0.909224 0.909224
1570.761963 0.000000 1861.079590 0.000000 0.993088 0.000000 0.117370 0.728424 0.728424 0.728424
1573.877808 0.000000 1861.808594 0.000000 0.882385 0.000000 0.470528 0.700054 0.700054 0.700054
1572.443848 0.000000 1858.779663 0.000000 0.348174 0.000000 -0.937430 0.955801 0.955801 0.955801
1583.381714 0.000000 1862.628906 0.000000 0.482934 0.000000 -0.875657 0.864156 0.864156 0.864156
1582.417847 0.000000 1862.037231 0.000000 0.049103 0.000000 -0.998794 0.912832 0.912832 0.912832
1573.677368 0.000000 1860.870361 0.000000 0.993710 0.000000 0.111987 0.738559 0.738559 0.738559
1573.027100 0.000000 1861.497437 0.000000 0.476549 0.000000 0.879148 0.640495 0.640495 0.640495
1975.900879 0.000000 1802.534180 0.000000 0.714775 0.000000 0.699354 0.604040 0.604040 0.604040
1977.987549 0.000000 1804.113770 0.000000 0.930949 0.000000 -0.365149 0.816245 0.816245 0.816245
1983.030640 0.000000 1806.507080 0.000000 0.299019 0.000000 -0.954247 0.983819 0.983819 0.983819
1976.137207 0.000000 1805.001465 0.000000 0.989140 0.000000 0.146974 0.723858 0.723858 0.723858
1977.866455 0.000000 1802.564209 0.000000 0.917745 0.000000 -0.397171 0.811601 0.811601 0.811601
1976.661987 0.000000 1803.680664 0.000000 0.274226 0.000000 0.961665 0.554985 0.554985 0.554985
1986.538696 0.000000 1820.840454 0.000000 0.748194 0.000000 -0.663480 0.879384 0.879384 0.879384
1983.873169 0.000000 1804.001831 0.000000 0.130245 0.000000 0.991482 0.447036 0.447036 0.447036
1988.938843 0.000000 1822.411499 0.000000 0.753500 0.000000 -0.657448 0.877951 0.877951 0.877951
1986.546753 0.000000 1823.531372 0.000000 0.113258 0.000000 -0.993566 1.005811 1.005811 1.005811
1985.139160 0.000000 1806.333618 0.000000 0.900645 0.000000 -0.434556 0.804165 0.804165 0.804165
1988.884399 0.000000 1820.623291 0.000000 0.234524 0.000000 0.972110 0.509825 0.509825 0.509825
1987.412476 0.000000 1822.145874 0.000000 0.951818 0.000000 -0.306665 0.804713 0.804713 0.804713
1984.939087 0.000000 1807.587646 0.000000 0.318440 0.000000 0.947943 0.599784 0.599784 0.599784
1985.708984 0.000000 1807.097900 0.000000 0.206356 0.000000 0.978477 0.585779 0.585779 0.585779
1989.448730 0.000000 1823.948120 0.000000 0.774753 0.000000 0.632264 0.627926 0.627926 0.627926
2000.652466 0.000000 1834.010620 0.000000 0.322883 0.000000 0.946439 0.493605 0.493605 0.493605
2008.637329 0.000000 1830.295532 0.000000 0.405231 0.000000 0.914214 0.535193 0.535193 0.535193
2010.517578 0.000000 1838.666138 0.000000 0.674151 0.000000 0.738594 0.645207 0.645207 0.645207
2006.074707 0.000000 1829.883911 0.000000 0.995852 0.000000 0.090986 0.732931 0.732931 0.732931
2003.032227 0.000000 1833.967407 0.000000 0.123847 0.000000 -0.992301 0.925117 0.925117 0.925117
2002.465088 0.000000 1835.357056 0.000000 0.745775 0.000000 -0.666198 0.878804 0.878804 0.878804
2003.277832 0.000000 1832.504517 0.000000 0.560875 0.000000 0.827901 0.631932 0.631932 0.631932
2007.176147 0.000000 1830.829712 0.000000 0.994998 0.000000 -0.099890 0.763349 0.763349 0.763349
2011.513916 0.000000 1839.760376 0.000000 0.637970 0.000000 0.770061 0.639160 0.639160 0.639160
2027.240723 0.000000 1839.270630 0.000000 0.705616 0.000000 -0.708594 0.871428 0.871428 0.871428
2038.698608 0.000000 1845.204956 0.000000 0.281690 0.000000 0.959505 0.504176 0.504176 0.504176
2041.689331 0.000000 1844.407959 0.000000 0.130694 0.000000 -0.991423 0.996258 0.996258 0.996258
2025.194214 0.000000 1838.608521 0.000000 0.423116 0.000000 0.906076 0.534394 0.534394 0.534394
2039.882935 0.000000 1843.340576 0.000000 0.692960 0.000000 0.720976 0.600513 0.600513 0.600513
2025.689575 0.000000 1840.638184 0.000000 0.608879 0.000000 -0.793263 0.920597 0.920597 0.920597
2040.412598 0.000000 1845.910889 0.000000 0.914847 0.000000 -0.403801 0.821098 0.821098 0.821098
2026.876465 0.000000 1841.674072 0.000000 0.858382 0.000000 -0.513012 0.814604 0.814604 0.814604
2041.231079 0.000000 1843.195190 0.000000 0.173310 0.000000 -0.984867 0.973977 0.973977 0.973977
2026.886841 0.000000 1840.432983 0.000000 0.150849 0.000000 0.988557 0.579778 0.579778 0.579778
2027.703979 0.000000 1841.268677 0.000000 0.795097 0.000000 0.606483 0.671851 0.671851 0.671851
2505.166748 0.000000 1406.353394 0.000000 0.805318 0.000000 -0.592843 0.813272 0.813272 0.813272
2504.705322 0.000000 1407.284180 0.000000 0.742453 0.000000 -0.669898 0.823191 0.823191 0.823191
2505.937744 0.000000 1406.000977 0.000000 0.989585 0.000000 0.143947 0.735598 0.735598 0.735598
2419.867920 0.000000 1470.618774 0.000000 0.958620 0.000000 -0.284688 0.786891 0.786891 0.786891
2418.006836 0.000000 1471.038818 0.000000 0.135048 0.000000 0.990839 0.566576 0.566576 0.566576
2417.468506 0.000000 1477.213013 0.000000 0.998113 0.000000 -0.061401 0.762096 0.762096 0.762096
2419.753906 0.000000 1477.549683 0.000000 0.787879 0.000000 0.615829 0.673044 0.673044 0.673044
2418.864746 0.000000 1476.135010 0.000000 0.669893 0.000000 0.742458 0.652943 0.652943 0.652943
2418.857910 0.000000 1472.953857 0.000000 0.780799 0.000000 0.624783 0.633433 0.633433 0.633433
2419.367676 0.000000 1471.653564 0.000000 0.858292 0.000000 0.513162 0.681137 0.681137 0.681137
2418.662842 0.000000 1477.327515 0.000000 0.963439 0.000000 -0.267928 0.781463 0.781463 0.781463
2509.879150 0.000000 1411.488647 0.000000 0.995225 0.000000 0.097605 0.740308 0.740308 0.740308
2503.065186 0.000000 1413.238770 0.000000 0.100462 0.000000 0.994941 0.597635 0.597635 0.597635
2508.436523 0.000000 1408.377319 0.000000 0.172752 0.000000 -0.984965 1.005461 1.005461 1.005461
2509.263916 0.000000 1409.886597 0.000000 0.582047 0.000000 -0.813155 0.923617 0.923617 0.923617
2508.499023 0.000000 1411.218750 0.000000 0.064527 0.000000 0.997916 0.600667 0.600667 0.600667
2502.937012 0.000000 1412.172729 0.000000 0.961009 0.000000 0.276516 0.720964 0.720964 0.720964
2508.386719 0.000000 1410.142456 0.000000 0.141494 0.000000 -0.989939 0.891660 0.891660 0.891660
2509.868164 0.000000 1410.570801 0.000000 0.406673 0.000000 0.913574 0.635787 0.635787 0.635787
2558.870117 0.000000 1415.839966 0.000000 0.712244 0.000000 0.701932 0.622591 0.622591 0.622591
2559.684082 0.000000 1417.160156 0.000000 0.442167 0.000000 0.896933 0.554039 0.554039 0.554039
2559.174316 0.000000 1414.236450 0.000000 0.999268 0.000000 -0.038243 0.756264 0.756264 0.756264
2551.109863 0.000000 1414.931274 0.000000 0.589107 0.000000 0.808055 0.664120 0.664120 0.664120
2551.964600 0.000000 1415.136353 0.000000 0.906783 0.000000 -0.421597 0.789726 0.789726 0.789726
2551.637451 0.000000 1414.301636 0.000000 0.940976 0.000000 -0.338474 0.781518 0.781518 0.781518
2550.624023 0.000000 1415.576904 0.000000 0.423254 0.000000 -0.906011 0.853490 0.853490 0.853490
2437.394043 0.000000 1504.026245 0.000000 0.805047 0.000000 0.593210 0.663853 0.663853 0.663853
2441.522705 0.000000 1508.144653 0.000000 0.133602 0.000000 0.991035 0.475996 0.475996 0.475996
2436.104004 0.000000 1513.796875 0.000000 0.982593 0.000000 -0.185770 0.782171 0.782171 0.782171
2443.067139 0.000000 1510.792725 0.000000 0.735839 0.000000 -0.677156 0.880582 0.880582 0.880582
2437.632324 0.000000 1511.347168 0.000000 0.692953 0.000000 -0.720983 0.893609 0.893609 0.893609
2435.115723 0.000000 1511.084595 0.000000 0.608621 0.000000 -0.793461 0.919628 0.919628 0.919628
2437.754883 0.000000 1506.435913 0.000000 0.930253 0.000000 -0.366919 0.817426 0.817426 0.817426
2443.775146 0.000000 1508.578735 0.000000 0.879876 0.000000 0.475204 0.675591 0.675591 0.675591
2434.485840 0.000000 1512.970947 0.000000 0.032107 0.000000 0.999484 0.472123 0.472123 0.472123
2436.313232 0.000000 1512.225830 0.000000 0.337133 0.000000 -0.941457 0.961238 0.961238 0.961238
2436.618896 0.000000 1505.373657 0.000000 0.331790 0.000000 -0.943353 0.917209 0.917209 0.917209
2442.362061 0.000000 1509.392090 0.000000 0.949794 0.000000 -0.312877 0.797816 0.797816 0.797816
2706.346191 0.000000 1264.260498 0.000000 0.125177 0.000000 0.992134 0.540948 0.540948 0.540948
2712.853027 0.000000 1277.891602 0.000000 0.062085 0.000000 -0.998071 1.005508 1.005508 1.005508
2710.145508 0.000000 1276.806152 0.000000 0.796649 0.000000 -0.604443 0.854457 0.854457 0.854457
2708.251465 0.000000 1262.772705 0.000000 0.746661 0.000000 -0.665204 0.891650 0.891650 0.891650
2706.245361 0.000000 1262.234497 0.000000 0.818281 0.000000 0.574819 0.656607 0.656607 0.656607
2711.931641 0.000000 1276.309692 0.000000 0.515151 0.000000 0.857099 0.584301 0.584301 0.584301
2713.901855 0.000000 1276.623291 0.000000 0.176518 0.000000 0.984297 0.514023 0.514023 0.514023
2715.270508 0.000000 1259.485840 0.000000 0.944558 0.000000 0.328344 0.712321 0.712321 0.712321
2707.019287 0.000000 1265.662354 0.000000 0.697166 0.000000 -0.716910 0.865622 0.865622 0.865622
2711.364014 0.000000 1277.521362 0.000000 0.979637 0.000000 -0.200777 0.782533 0.782533 0.782533
2707.565918 0.000000 1263.834717 0.000000 0.414042 0.000000 -0.910258 0.924455 0.924455 0.924455
2714.713379 0.000000 1258.684570 0.000000 0.479552 0.000000 0.877513 0.629417 0.629417 0.629417
2678.620605 0.000000 1301.337769 0.000000 0.754134 0.000000 -0.656721 0.895889 0.895889 0.895889
2678.744873 0.000000 1294.830688 0.000000 0.905455 0.000000 0.424442 0.675270 0.675270 0.675270
2679.797363 0.000000 1303.786987 0.000000 0.586434 0.000000 -0.809997 0.934827 0.934827 0.934827
2676.255371 0.000000 1294.764893 0.000000 0.479014 0.000000 -0.877807 0.941659 0.941659 0.941659
2676.365967 0.000000 1296.948853 0.000000 0.861749 0.000000 -0.507334 0.809628 0.809628 0.809628
2683.653076 0.000000 1297.421509 0.000000 0.073358 0.000000 0.997306 0.513228 0.513228 0.513228
2680.334717 0.000000 1302.043701 0.000000 0.992786 0.000000 -0.119901 0.767317 0.767317 0.767317
2682.210938 0.000000 1296.593262 0.000000 0.842553 0.000000 -0.538613 0.839940 0.839940 0.839940
2677.948242 0.000000 1296.275879 0.000000 0.551753 0.000000 -0.834008 0.860532 0.860532 0.860532
2682.410645 0.000000 1299.261475 0.000000 0.348741 0.000000 0.937219 0.597517 0.597517 0.597517
2681.131836 0.000000 1303.810303 0.000000 0.990890 0.000000 0.134675 0.730537 0.730537 0.730537
2683.326904 0.000000 1298.545288 0.000000 0.535951 0.000000 0.844249 0.623807 0.623807 0.623807
2677.412354 0.000000 1297.239380 0.000000 0.895926 0.000000 0.444203 0.698419 0.698419 0.698419
2579.848389 0.000000 1374.642212 0.000000 0.679500 0.000000 0.733676 0.585973 0.585973 0.585973
2586.024414 0.000000 1366.831543 0.000000 0.788217 0.000000 -0.615397 0.881629 0.881629 0.881629
2581.959473 0.000000 1374.877563 0.000000 0.393023 0.000000 -0.919529 0.884698 0.884698 0.884698
2586.036133 0.000000 1368.940796 0.000000 0.205391 0.000000 -0.978680 0.974866 0.974866 0.974866
2584.346436 0.000000 1366.028076 0.000000 0.424287 0.000000 -0.905528 0.955817 0.955817 0.955817
2584.303223 0.000000 1369.499268 0.000000 0.664906 0.000000 0.746927 0.634636 0.634636 0.634636
2580.609375 0.000000 1375.637817 0.000000 0.419219 0.000000 -0.907885 0.881388 0.881388 0.881388
2580.956787 0.000000 1374.216553 0.000000 0.112628 0.000000 0.993637 0.581705 0.581705 0.581705
2585.725098 0.000000 1369.980347 0.000000 0.620117 0.000000 0.784509 0.626638 0.626638 0.626638
2578.290039 0.000000 1398.622925 0.000000 0.834982 0.000000 0.550277 0.648369 0.648369 0.648369
2578.361816 0.000000 1392.229248 0.000000 0.301598 0.000000 -0.953435 0.932181 0.932181 0.932181
2584.868652 0.000000 1405.860352 0.000000 0.846866 0.000000 0.531807 0.678028 0.678028 0.678028
2585.275635 0.000000 1402.946777 0.000000 0.121996 0.000000 0.992531 0.482715 0.482715 0.482715
2580.405273 0.000000 1376.699707 0.000000 0.017063 0.000000 -0.999854 1.011394 1.011394 1.011394
2582.161133 0.000000 1404.774902 0.000000 0.890190 0.000000 -0.455590 0.837819 0.837819 0.837819
2576.813232 0.000000 1406.240601 0.000000 0.487304 0.000000 -0.873232 0.935193 0.935193 0.935193
2580.991943 0.000000 1399.581421 0.000000 0.454769 0.000000 -0.890610 0.971251 0.971251 0.971251
2578.401367 0.000000 1378.536133 0.000000 0.061401 0.000000 0.998113 0.477419 0.477419 0.477419
2581.291504 0.000000 1386.553955 0.000000 0.391496 0.000000 0.920180 0.605921 0.605921 0.605921
2581.907227 0.000000 1388.691772 0.000000 0.516651 0.000000 -0.856196 0.922346 0.922346 0.922346
2580.426025 0.000000 1397.486328 0.000000 0.643453 0.000000 0.765486 0.583744 0.583744 0.583744
2578.260986 0.000000 1390.203247 0.000000 0.982432 0.000000 -0.186622 0.781476 0.781476 0.781476
2583.947266 0.000000 1404.278442 0.000000 0.950193 0.000000 -0.311663 0.808840 0.808840 0.808840
2578.206055 0.000000 1396.689575 0.000000 0.989808 0.000000 0.142409 0.729492 0.729492 0.729492
2581.828369 0.000000 1375.676025 0.000000 0.442868 0.000000 -0.896587 0.878363 0.878363 0.878363
2585.917480 0.000000 1404.592041 0.000000 0.359684 0.000000 -0.933074 0.904392 0.904392 0.904392
2578.838379 0.000000 1376.977295 0.000000 0.252950 0.000000 0.967479 0.627744 0.627744 0.627744
2576.469971 0.000000 1404.750854 0.000000 0.768498 0.000000 -0.639853 0.851207 0.851207 0.851207
2579.034912 0.000000 1393.631104 0.000000 0.760061 0.000000 -0.649852 0.851922 0.851922 0.851922
2579.196777 0.000000 1397.569214 0.000000 0.965485 0.000000 0.260459 0.712183 0.712183 0.712183
2577.655273 0.000000 1405.026001 0.000000 0.811604 0.000000 -0.584207 0.840945 0.840945 0.840945
2579.368896 0.000000 1396.470703 0.000000 0.593383 0.000000 -0.804920 0.884269 0.884269 0.884269
2584.886475 0.000000 1404.794678 0.000000 0.973480 0.000000 -0.228772 0.779626 0.779626 0.779626
2579.208008 0.000000 1377.873657 0.000000 0.877230 0.000000 -0.480070 0.796551 0.796551 0.796551
2578.463379 0.000000 1376.022949 0.000000 0.127431 0.000000 0.991847 0.615849 0.615849 0.615849
2578.203125 0.000000 1377.682495 0.000000 0.978919 0.000000 0.204247 0.730878 0.730878 0.730878
2579.955566 0.000000 1377.438965 0.000000 0.539887 0.000000 0.841738 0.656989 0.656989 0.656989
2579.528809 0.000000 1376.499634 0.000000 0.525314 0.000000 0.850908 0.655388 0.655388 0.655388
2718.846436 0.000000 1284.786865 0.000000 0.506091 0.000000 -0.862480 0.918564 0.918564 0.918564
2718.850586 0.000000 1287.871216 0.000000 0.863616 0.000000 0.504151 0.679804 0.679804 0.679804
2719.154785 0.000000 1286.267700 0.000000 0.739322 0.000000 -0.673352 0.848139 0.848139 0.848139
2719.208496 0.000000 1311.208008 0.000000 0.880212 0.000000 0.474580 0.661810 0.661810 0.661810
2719.648193 0.000000 1287.213257 0.000000 0.681618 0.000000 -0.731708 0.859044 0.859044 0.859044
2719.719238 0.000000 1310.223267 0.000000 0.610152 0.000000 -0.792284 0.913106 0.913106 0.913106
2719.720947 0.000000 1285.960693 0.000000 0.079607 0.000000 -0.996826 0.991644 0.991644 0.991644
2721.404297 0.000000 1310.327393 0.000000 0.693820 0.000000 -0.720149 0.854102 0.854102 0.854102
2720.577637 0.000000 1311.238525 0.000000 0.516084 0.000000 -0.856538 0.883170 0.883170 0.883170
2710.616699 0.000000 1333.329956 0.000000 0.991870 0.000000 -0.127258 0.774550 0.774550 0.774550
2707.718750 0.000000 1317.588745 0.000000 0.513916 0.000000 0.857841 0.637352 0.637352 0.637352
2708.410400 0.000000 1333.501953 0.000000 0.520376 0.000000 0.853937 0.591033 0.591033 0.591033
2711.801025 0.000000 1331.465576 0.000000 0.980800 0.000000 -0.195017 0.788092 0.788092 0.788092
2709.683105 0.000000 1331.663940 0.000000 0.049832 0.000000 -0.998758 1.003315 1.003315 1.003315
2706.829590 0.000000 1316.174072 0.000000 0.957892 0.000000 0.287128 0.718182 0.718182 0.718182
2708.822754 0.000000 1330.420044 0.000000 0.390158 0.000000 -0.920748 0.944863 0.944863 0.944863
2708.575928 0.000000 1332.174194 0.000000 0.952721 0.000000 0.303847 0.702049 0.702049 0.702049
2706.627686 0.000000 1317.366577 0.000000 0.485862 0.000000 0.874036 0.633813 0.633813 0.633813
2720.025146 0.000000 1328.762573 0.000000 0.999193 0.000000 0.040156 0.741708 0.741708 0.741708
2722.294678 0.000000 1330.695801 0.000000 0.765673 0.000000 -0.643230 0.828300 0.828300 0.828300
2722.457031 0.000000 1343.648560 0.000000 0.303963 0.000000 0.952684 0.495872 0.495872 0.495872
2723.751465 0.000000 1328.771362 0.000000 0.497592 0.000000 -0.867411 0.960262 0.960262 0.960262
2723.857666 0.000000 1331.604736 0.000000 0.453211 0.000000 -0.891403 0.873318 0.873318 0.873318
2720.340820 0.000000 1311.786377 0.000000 0.716779 0.000000 0.697300 0.650092 0.650092 0.650092
2720.804688 0.000000 1330.101318 0.000000 0.975407 0.000000 -0.220412 0.787263 0.787263 0.787263
2721.080566 0.000000 1331.667236 0.000000 0.560812 0.000000 0.827943 0.586445 0.586445 0.586445
2723.636230 0.000000 1330.240967 0.000000 0.223552 0.000000 0.974692 0.599236 0.599236 0.599236
2722.853516 0.000000 1331.579834 0.000000 0.567186 0.000000 -0.823590 0.858445 0.858445 0.858445
2707.635986 0.000000 1356.463745 0.000000 0.852178 0.000000 -0.523251 0.856870 0.856870 0.856870
2707.595703 0.000000 1363.391479 0.000000 0.977772 0.000000 0.209673 0.714580 0.714580 0.714580
2709.275879 0.000000 1354.561768 0.000000 0.999018 0.000000 -0.044298 0.756484 0.756484 0.756484
2706.946533 0.000000 1354.084595 0.000000 0.303393 0.000000 -0.952866 0.936875 0.936875 0.936875
2709.891602 0.000000 1356.699585 0.000000 0.166363 0.000000 -0.986065 1.025569 1.025569 1.025569
2706.190430 0.000000 1364.697388 0.000000 0.670024 0.000000 0.742339 0.623359 0.623359 0.623359
2706.379150 0.000000 1355.474243 0.000000 0.882378 0.000000 -0.470540 0.822513 0.822513 0.822513
2707.915283 0.000000 1355.097900 0.000000 0.769499 0.000000 0.638649 0.647465 0.647465 0.647465
2707.181152 0.000000 1365.577026 0.000000 0.341193 0.000000 0.939993 0.564916 0.564916 0.564916
2720.656006 0.000000 1365.177612 0.000000 0.989264 0.000000 0.146142 0.727055 0.727055 0.727055
2723.796631 0.000000 1365.418091 0.000000 0.912550 0.000000 -0.408964 0.823248 0.823248 0.823248
2722.294678 0.000000 1362.687988 0.000000 0.448658 0.000000 0.893703 0.537306 0.537306 0.537306
2723.615234 0.000000 1344.206665 0.000000 0.632542 0.000000 0.774526 0.674603 0.674603 0.674603
2722.320312 0.000000 1364.449219 0.000000 0.274909 0.000000 0.961470 0.525329 0.525329 0.525329
2722.401367 0.000000 1365.942139 0.000000 0.889343 0.000000 0.457240 0.667439 0.667439 0.667439
2722.758545 0.000000 1344.916870 0.000000 0.307844 0.000000 -0.951437 0.857046 0.857046 0.857046
2722.039551 0.000000 1345.842285 0.000000 0.046816 0.000000 0.998904 0.620309 0.620309 0.620309
2723.667725 0.000000 1345.302612 0.000000 0.661183 0.000000 0.750225 0.677800 0.677800 0.677800
2688.659912 0.000000 1397.169800 0.000000 0.165494 0.000000 -0.986211 0.938167 0.938167 0.938167
2701.156982 0.000000 1396.566772 0.000000 0.642946 0.000000 0.765911 0.596360 0.596360 0.596360
2703.021484 0.000000 1399.997681 0.000000 0.064824 0.000000 -0.997897 1.019424 1.019424 1.019424
2695.968506 0.000000 1377.541382 0.000000 0.896300 0.000000 0.443449 0.663672 0.663672 0.663672
2700.851318 0.000000 1398.807495 0.000000 0.128791 0.000000 0.991672 0.526898 0.526898 0.526898
2703.035645 0.000000 1397.670288 0.000000 0.247287 0.000000 0.968942 0.497352 0.497352 0.497352
2696.934326 0.000000 1376.245483 0.000000 0.975484 0.000000 0.220070 0.731117 0.731117 0.731117
2688.119873 0.000000 1396.211182 0.000000 0.394081 0.000000 0.919076 0.593826 0.593826 0.593826
2697.496582 0.000000 1377.194824 0.000000 0.088160 0.000000 -0.996106 0.876164 0.876164 0.876164
2696.632324 0.000000 1377.046509 0.000000 0.955559 0.000000 -0.294799 0.775466 0.775466 0.775466
2697.955078 0.000000 1376.492432 0.000000 0.940839 0.000000 0.338854 0.720581 0.720581 0.720581
2560.438721 0.000000 1415.584473 0.000000 0.993508 0.000000 0.113759 0.729347 0.729347 0.729347
2577.435547 0.000000 1407.937500 0.000000 0.133975 0.000000 -0.990985 1.000533 1.000533 1.000533
2565.616699 0.000000 1415.370605 0.000000 0.457143 0.000000 -0.889393 0.928233 0.928233 0.928233
2560.860107 0.000000 1417.945435 0.000000 0.537254 0.000000 -0.843421 0.940831 0.940831 0.940831
2567.337891 0.000000 1414.916992 0.000000 0.310141 0.000000 -0.950691 0.915374 0.915374 0.915374
2561.530273 0.000000 1414.330688 0.000000 0.370362 0.000000 -0.928887 0.965828 0.965828 0.965828
2564.349854 0.000000 1414.351318 0.000000 0.626650 0.000000 -0.779301 0.895308 0.895308 0.895308
2567.912109 0.000000 1414.020874 0.000000 0.683651 0.000000 -0.729809 0.857756 0.857756 0.857756
2566.699463 0.000000 1414.146362 0.000000 0.401370 0.000000 -0.915916 0.902508 0.902508 0.902508
2666.158936 0.000000 1437.179443 0.000000 0.323463 0.000000 0.946241 0.495824 0.495824 0.495824
2678.620605 0.000000 1429.306519 0.000000 0.712473 0.000000 -0.701699 0.910560 0.910560 0.910560
2669.928223 0.000000 1439.142944 0.000000 0.045121 0.000000 0.998982 0.492472 0.492472 0.492472
2681.611328 0.000000 1428.509521 0.000000 0.536782 0.000000 -0.843721 0.865352 0.865352 0.865352
2667.864990 0.000000 1438.481567 0.000000 0.561065 0.000000 -0.827772 0.862563 0.862563 0.862563
2683.527344 0.000000 1421.269653 0.000000 0.829842 0.000000 0.557998 0.667368 0.667368 0.667368
2666.067383 0.000000 1439.056152 0.000000 0.492707 0.000000 0.870195 0.628148 0.628148 0.628148
2680.334717 0.000000 1430.012451 0.000000 0.262461 0.000000 -0.964943 0.933660 0.933660 0.933660
2683.274414 0.000000 1419.446777 0.000000 0.945122 0.000000 -0.326718 0.800385 0.800385 0.800385
2681.131836 0.000000 1431.779053 0.000000 0.557277 0.000000 0.830326 0.612146 0.612146 0.612146
2682.001709 0.000000 1421.492554 0.000000 0.996774 0.000000 -0.080256 0.761215 0.761215 0.761215
2680.130859 0.000000 1428.694824 0.000000 0.199763 0.000000 0.979844 0.592661 0.592661 0.592661
2666.783691 0.000000 1438.176270 0.000000 0.537161 0.000000 -0.843480 0.865865 0.865865 0.865865
2667.603027 0.000000 1439.589600 0.000000 0.524618 0.000000 0.851338 0.632427 0.632427 0.632427
2681.360840 0.000000 1429.770386 0.000000 0.395483 0.000000 0.918473 0.616265 0.616265 0.616265
2634.162842 0.000000 1469.171631 0.000000 0.602466 0.000000 0.798144 0.612166 0.612166 0.612166
2649.784424 0.000000 1450.650146 0.000000 0.982714 0.000000 0.185128 0.734154 0.734154 0.734154
2635.641113 0.000000 1468.923462 0.000000 0.586827 0.000000 0.809712 0.609265 0.609265 0.609265
2632.458252 0.000000 1469.365112 0.000000 0.489879 0.000000 -0.871791 0.922188 0.922188 0.922188
2648.580078 0.000000 1451.766602 0.000000 0.414393 0.000000 0.910098 0.652685 0.652685 0.652685
2648.828613 0.000000 1450.112061 0.000000 0.170255 0.000000 0.985400 0.630883 0.630883 0.630883
2648.971680 0.000000 1450.944092 0.000000 0.929546 0.000000 -0.368705 0.782135 0.782135 0.782135
2666.463135 0.000000 1439.825439 0.000000 0.833242 0.000000 0.552909 0.682373 0.682373 0.682373
2680.555420 0.000000 1446.389282 0.000000 0.385863 0.000000 0.922556 0.558979 0.558979 0.558979
2659.804443 0.000000 1461.394653 0.000000 0.013020 0.000000 -0.999915 1.026950 1.026950 1.026950
2679.602539 0.000000 1444.085571 0.000000 0.266151 0.000000 -0.963931 0.987949 0.987949 0.987949
2661.677246 0.000000 1462.513306 0.000000 0.230408 0.000000 0.973094 0.503049 0.503049 0.503049
2665.116211 0.000000 1454.702271 0.000000 0.518929 0.000000 0.854817 0.551610 0.551610 0.551610
2665.611572 0.000000 1456.731934 0.000000 0.801709 0.000000 -0.597715 0.817475 0.817475 0.817475
2661.566406 0.000000 1460.566040 0.000000 0.684868 0.000000 -0.728667 0.880006 0.880006 0.880006
2658.328125 0.000000 1460.425781 0.000000 0.769789 0.000000 0.638299 0.626922 0.626922 0.626922
2680.385498 0.000000 1447.902588 0.000000 0.742493 0.000000 -0.669854 0.869364 0.869364 0.869364
2679.094238 0.000000 1446.923462 0.000000 0.967663 0.000000 0.252247 0.716267 0.716267 0.716267
2664.568604 0.000000 1457.656372 0.000000 0.467584 0.000000 0.883948 0.635804 0.635804 0.635804
2681.834473 0.000000 1446.527954 0.000000 0.393954 0.000000 0.919130 0.560408 0.560408 0.560408
2667.538574 0.000000 1439.726440 0.000000 0.995763 0.000000 -0.091957 0.760630 0.760630 0.760630
2665.738281 0.000000 1457.852295 0.000000 0.868662 0.000000 0.495405 0.695411 0.695411 0.695411
2664.450928 0.000000 1456.722778 0.000000 0.628073 0.000000 -0.778155 0.843919 0.843919 0.843919
2614.505371 0.000000 1497.868286 0.000000 0.844579 0.000000 0.535431 0.642248 0.642248 0.642248
2615.805176 0.000000 1495.740112 0.000000 0.386017 0.000000 0.922492 0.531297 0.531297 0.531297
2616.299316 0.000000 1497.468018 0.000000 0.107052 0.000000 0.994253 0.495559 0.495559 0.495559
2617.139648 0.000000 1495.763428 0.000000 0.274601 0.000000 -0.961558 0.958026 0.958026 0.958026
2590.322754 0.000000 1521.708740 0.000000 0.017189 0.000000 -0.999852 1.005264 1.005264 1.005264
2590.816162 0.000000 1523.693359 0.000000 0.081518 0.000000 -0.996672 0.977113 0.977113 0.977113
2590.525391 0.000000 1520.126343 0.000000 0.150616 0.000000 0.988592 0.516753 0.516753 0.516753
2607.341064 0.000000 1531.599731 0.000000 0.659123 0.000000 -0.752035 0.866897 0.866897 0.866897
2601.503174 0.000000 1508.144653 0.000000 0.228884 0.000000 0.973454 0.556197 0.556197 0.556197
2603.755615 0.000000 1508.578735 0.000000 0.996848 0.000000 -0.079336 0.761309 0.761309 0.761309
2622.862305 0.000000 1511.816528 0.000000 0.924485 0.000000 0.381219 0.699360 0.699360 0.699360
2591.733887 0.000000 1523.154419 0.000000 0.973345 0.000000 0.229346 0.714709 0.714709 0.714709
2607.232910 0.000000 1533.773804 0.000000 0.989922 0.000000 0.141615 0.725696 0.725696 0.725696
2623.676270 0.000000 1513.136719 0.000000 0.747661 0.000000 0.664081 0.621289 0.621289 0.621289
2607.363525 0.000000 1530.047852 0.000000 0.286691 0.000000 -0.958023 0.925800 0.925800 0.925800
2623.166504 0.000000 1510.213013 0.000000 0.644625 0.000000 -0.764499 0.862679 0.862679 0.862679
2602.342529 0.000000 1509.392090 0.000000 0.923391 0.000000 -0.383860 0.806101 0.806101 0.806101
2600.416016 0.000000 1509.044556 0.000000 0.914384 0.000000 0.404848 0.689711 0.689711 0.689711
2606.022217 0.000000 1531.301514 0.000000 0.270695 0.000000 0.962665 0.571912 0.571912 0.571912
2603.999512 0.000000 1509.836548 0.000000 0.409448 0.000000 -0.912333 0.913606 0.913606 0.913606
2623.659912 0.000000 1511.158569 0.000000 0.514284 0.000000 -0.857620 0.883442 0.883442 0.883442
2635.515381 0.000000 1496.848389 0.000000 0.997609 0.000000 0.069104 0.736112 0.736112 0.736112
2635.420654 0.000000 1474.292114 0.000000 0.618376 0.000000 0.785883 0.612622 0.612622 0.612622
2646.966309 0.000000 1480.306030 0.000000 0.552270 0.000000 -0.833665 0.915279 0.915279 0.915279
2636.859131 0.000000 1494.784058 0.000000 0.308560 0.000000 0.951205 0.529327 0.529327 0.529327
2637.806885 0.000000 1497.775391 0.000000 0.617680 0.000000 -0.786429 0.856502 0.856502 0.856502
2633.636230 0.000000 1474.271240 0.000000 0.986580 0.000000 -0.163281 0.773447 0.773447 0.773447
2637.361816 0.000000 1496.250488 0.000000 0.581737 0.000000 -0.813377 0.861789 0.861789 0.861789
2647.098145 0.000000 1478.915649 0.000000 0.752482 0.000000 0.658612 0.658929 0.658929 0.658929
2634.801758 0.000000 1475.525879 0.000000 0.150089 0.000000 0.988672 0.534216 0.534216 0.534216
2646.618896 0.000000 1481.884521 0.000000 0.417367 0.000000 -0.908738 0.941191 0.941191 0.941191
2632.776123 0.000000 1475.193481 0.000000 0.999770 0.000000 -0.021441 0.753065 0.753065 0.753065
2636.633301 0.000000 1497.089111 0.000000 0.755247 0.000000 -0.655440 0.834114 0.834114 0.834114
2696.205322 0.000000 1416.364990 0.000000 0.702412 0.000000 -0.711771 0.916168 0.916168 0.916168
2691.755615 0.000000 1422.318481 0.000000 0.952667 0.000000 -0.304015 0.787220 0.787220 0.787220
2715.357910 0.000000 1417.919434 0.000000 0.769038 0.000000 -0.639204 0.845631 0.845631 0.845631
2703.030029 0.000000 1425.560669 0.000000 0.022645 0.000000 -0.999744 1.056545 1.056545 1.056545
2689.053223 0.000000 1422.427368 0.000000 0.296510 0.000000 -0.955030 0.961480 0.961480 0.961480
2697.610107 0.000000 1418.395630 0.000000 0.149148 0.000000 -0.988815 0.909253 0.909253 0.909253
2694.471191 0.000000 1418.047974 0.000000 0.944370 0.000000 0.328884 0.695879 0.695879 0.695879
2714.728271 0.000000 1415.546753 0.000000 0.220103 0.000000 -0.975477 0.951168 0.951168 0.951168
2701.388916 0.000000 1423.797729 0.000000 1.000000 0.000000 -0.000729 0.750112 0.750112 0.750112
2695.949707 0.000000 1419.012939 0.000000 0.822940 0.000000 0.568129 0.652420 0.652420 0.652420
2690.293701 0.000000 1421.428589 0.000000 0.987558 0.000000 -0.157256 0.779050 0.779050 0.779050
2697.226074 0.000000 1419.861694 0.000000 0.284775 0.000000 0.958595 0.606331 0.606331 0.606331
2700.113037 0.000000 1424.576172 0.000000 0.732588 0.000000 0.680672 0.618157 0.618157 0.618157
2694.668213 0.000000 1419.810181 0.000000 0.612116 0.000000 0.790768 0.602706 0.602706 0.602706
2690.489258 0.000000 1422.766113 0.000000 0.957125 0.000000 0.289675 0.714590 0.714590 0.714590
2700.439453 0.000000 1422.872559 0.000000 0.916521 0.000000 0.399986 0.686549 0.686549 0.686549
2715.517334 0.000000 1414.480103 0.000000 0.672332 0.000000 0.740250 0.625703 0.625703 0.625703
2715.588379 0.000000 1416.627197 0.000000 0.177311 0.000000 0.984155 0.557964 0.557964 0.557964
2701.758789 0.000000 1422.440308 0.000000 0.546189 0.000000 0.837662 0.596888 0.596888 0.596888
2714.384033 0.000000 1416.641846 0.000000 0.991911 0.000000 -0.126937 0.767552 0.767552 0.767552
2691.121094 0.000000 1423.699097 0.000000 0.646451 0.000000 -0.762956 0.854570 0.854570 0.854570
2714.340576 0.000000 1417.743896 0.000000 0.998386 0.000000 -0.056791 0.757836 0.757836 0.757836
2696.120850 0.000000 1419.979004 0.000000 0.305433 0.000000 -0.952214 0.891246 0.891246 0.891246
2696.883301 0.000000 1418.976074 0.000000 0.068663 0.000000 0.997640 0.581671 0.581671 0.581671
2697.919189 0.000000 1419.226929 0.000000 0.992434 0.000000 0.122782 0.736206 0.736206 0.736206
2788.841309 0.000000 1438.505249 0.000000 0.320350 0.000000 0.947299 0.513329 0.513329 0.513329
2781.299072 0.000000 1452.944946 0.000000 0.955496 0.000000 -0.295005 0.801221 0.801221 0.801221
2778.424072 0.000000 1454.759888 0.000000 0.615546 0.000000 -0.788101 0.926675 0.926675 0.926675
2771.140137 0.000000 1465.842651 0.000000 0.821333 0.000000 0.570449 0.666286 0.666286 0.666286
2780.815918 0.000000 1455.642944 0.000000 0.639240 0.000000 -0.769007 0.880836 0.880836 0.880836
2768.832520 0.000000 1465.454956 0.000000 0.985568 0.000000 0.169283 0.716701 0.716701 0.716701
2771.250977 0.000000 1464.069336 0.000000 0.747547 0.000000 -0.664209 0.850178 0.850178 0.850178
2781.525146 0.000000 1454.420654 0.000000 0.792679 0.000000 0.609639 0.652225 0.652225 0.652225
2770.061523 0.000000 1465.294189 0.000000 0.660757 0.000000 -0.750600 0.867075 0.867075 0.867075
2789.351074 0.000000 1440.041870 0.000000 0.901251 0.000000 -0.433298 0.802739 0.802739 0.802739
2787.054443 0.000000 1441.992188 0.000000 0.987767 0.000000 -0.155939 0.780916 0.780916 0.780916
2788.575928 0.000000 1441.389282 0.000000 0.557276 0.000000 -0.830328 0.865292 0.865292 0.865292
2789.487061 0.000000 1441.050171 0.000000 0.245895 0.000000 -0.969296 0.905616 0.905616 0.905616
2788.519043 0.000000 1440.417725 0.000000 0.987553 0.000000 -0.157286 0.768587 0.768587 0.768587
2769.425537 0.000000 1477.213013 0.000000 0.132349 0.000000 -0.991203 1.043632 1.043632 1.043632
2769.808838 0.000000 1479.915649 0.000000 0.064399 0.000000 -0.997924 0.882423 0.882423 0.882423
2769.680176 0.000000 1490.262085 0.000000 0.188775 0.000000 -0.982020 0.867515 0.867515 0.867515
2768.455078 0.000000 1478.374146 0.000000 0.893608 0.000000 0.448848 0.709080 0.709080 0.709080
2768.643066 0.000000 1489.118652 0.000000 0.336693 0.000000 -0.941615 0.883410 0.883410 0.883410
2768.226318 0.000000 1490.550293 0.000000 0.749176 0.000000 0.662371 0.688389 0.688389 0.688389
2769.685791 0.000000 1491.532837 0.000000 0.335422 0.000000 0.942068 0.645433 0.645433 0.645433
2769.739014 0.000000 1489.164795 0.000000 0.719358 0.000000 0.694640 0.666532 0.666532 0.666532
2768.897461 0.000000 1479.339478 0.000000 0.486472 0.000000 -0.873696 0.843426 0.843426 0.843426
2769.200684 0.000000 1488.249390 0.000000 0.943108 0.000000 0.332486 0.713160 0.713160 0.713160
2769.433105 0.000000 1478.480469 0.000000 0.028175 0.000000 -0.999603 0.885611 0.885611 0.885611
2768.858643 0.000000 1491.184448 0.000000 0.744668 0.000000 0.667435 0.687812 0.687812 0.687812
2853.653809 0.000000 1302.552368 0.000000 0.895850 0.000000 -0.444357 0.833414 0.833414 0.833414
2852.664307 0.000000 1305.708862 0.000000 0.836641 0.000000 -0.547751 0.824403 0.824403 0.824403
2853.556885 0.000000 1305.036377 0.000000 0.087155 0.000000 0.996195 0.559583 0.559583 0.559583
2859.016357 0.000000 1318.839600 0.000000 0.423679 0.000000 -0.905812 0.953393 0.953393 0.953393
2851.064941 0.000000 1319.131470 0.000000 0.899694 0.000000 0.436521 0.685675 0.685675 0.685675
2859.724365 0.000000 1316.625610 0.000000 0.475277 0.000000 -0.879836 0.918254 0.918254 0.918254
2861.228271 0.000000 1317.711792 0.000000 0.691542 0.000000 0.722336 0.601509 0.601509 0.601509
2850.435059 0.000000 1321.017822 0.000000 0.992121 0.000000 0.125280 0.730067 0.730067 0.730067
2858.311279 0.000000 1317.438965 0.000000 0.878531 0.000000 -0.477685 0.827910 0.827910 0.827910
2859.968262 0.000000 1317.883423 0.000000 0.894418 0.000000 0.447232 0.677464 0.677464 0.677464
2265.575195 0.000000 1650.018799 0.000000 0.080364 0.000000 -0.996766 0.946314 0.946314 0.946314
2262.671387 0.000000 1653.251831 0.000000 0.578607 0.000000 0.815607 0.550966 0.550966 0.550966
2263.848145 0.000000 1655.701050 0.000000 0.885315 0.000000 -0.464991 0.825658 0.825658 0.825658
2268.561523 0.000000 1655.448975 0.000000 0.976822 0.000000 -0.214053 0.786898 0.786898 0.786898
2263.855713 0.000000 1651.387451 0.000000 0.380490 0.000000 0.924785 0.538803 0.538803 0.538803
2262.489990 0.000000 1654.849121 0.000000 0.435143 0.000000 -0.900361 0.925306 0.925306 0.925306
2269.117676 0.000000 1648.941528 0.000000 0.884137 0.000000 -0.467229 0.826600 0.826600 0.826600
2265.182617 0.000000 1655.724365 0.000000 0.746179 0.000000 -0.665745 0.852507 0.852507 0.852507
2265.203857 0.000000 1651.242065 0.000000 0.969591 0.000000 0.244730 0.717432 0.717432 0.717432
2264.434814 0.000000 1650.439819 0.000000 0.964334 0.000000 -0.264690 0.785287 0.785287 0.785287
2206.369629 0.000000 1681.669678 0.000000 0.561111 0.000000 0.827740 0.571718 0.571718 0.571718
2203.844482 0.000000 1685.504883 0.000000 0.672073 0.000000 -0.740485 0.853742 0.853742 0.853742
2203.711670 0.000000 1681.327759 0.000000 0.251434 0.000000 0.967874 0.609849 0.609849 0.609849
2206.863037 0.000000 1683.654297 0.000000 0.879785 0.000000 0.475372 0.658588 0.658588 0.658588
2202.269531 0.000000 1680.499512 0.000000 0.861863 0.000000 -0.507142 0.806615 0.806615 0.806615
2206.572266 0.000000 1680.087280 0.000000 0.591303 0.000000 0.806449 0.578473 0.578473 0.578473
2203.117432 0.000000 1684.352417 0.000000 0.958197 0.000000 0.286109 0.713897 0.713897 0.713897
2202.489990 0.000000 1685.500732 0.000000 0.652163 0.000000 0.758079 0.642952 0.642952 0.642952
2202.644043 0.000000 1681.531982 0.000000 0.804121 0.000000 -0.594465 0.817764 0.817764 0.817764
2203.158691 0.000000 1680.632446 0.000000 0.789086 0.000000 -0.614283 0.820412 0.820412 0.820412
2208.087646 0.000000 1680.676636 0.000000 0.401530 0.000000 -0.915846 0.950604 0.950604 0.950604
2207.780762 0.000000 1683.115356 0.000000 0.308001 0.000000 -0.951386 0.982079 0.982079 0.982079
2208.867188 0.000000 1682.015381 0.000000 0.153554 0.000000 -0.988140 0.998673 0.998673 0.998673
2375.931641 0.000000 1590.296265 0.000000 0.430982 0.000000 0.902360 0.517086 0.517086 0.517086
2373.397461 0.000000 1586.521240 0.000000 0.963739 0.000000 0.266849 0.720791 0.720791 0.720791
2371.991699 0.000000 1592.551270 0.000000 0.100801 0.000000 0.994907 0.497769 0.497769 0.497769
2373.712402 0.000000 1590.482056 0.000000 0.935888 0.000000 -0.352299 0.819670 0.819670 0.819670
2377.548584 0.000000 1591.727783 0.000000 0.993574 0.000000 -0.113187 0.769784 0.769784 0.769784
2377.232178 0.000000 1588.803101 0.000000 0.543331 0.000000 0.839519 0.615392 0.615392 0.615392
2372.722900 0.000000 1593.638550 0.000000 0.557084 0.000000 0.830456 0.602205 0.602205 0.602205
2373.615479 0.000000 1592.966064 0.000000 0.947721 0.000000 0.319099 0.701016 0.701016 0.701016
2373.031738 0.000000 1587.583740 0.000000 0.985918 0.000000 -0.167229 0.768168 0.768168 0.768168
2372.402832 0.000000 1586.739624 0.000000 0.742202 0.000000 -0.670176 0.829417 0.829417 0.829417
2335.283936 0.000000 1621.102051 0.000000 0.137552 0.000000 -0.990495 0.907346 0.907346 0.907346
2339.995605 0.000000 1624.543457 0.000000 0.995133 0.000000 0.098538 0.730623 0.730623 0.730623
2339.843506 0.000000 1621.355591 0.000000 0.430104 0.000000 -0.902779 0.890122 0.890122 0.890122
2338.341553 0.000000 1618.625488 0.000000 0.027031 0.000000 -0.999635 1.018388 1.018388 1.018388
2338.170898 0.000000 1626.319824 0.000000 0.044793 0.000000 0.998996 0.604707 0.604707 0.604707
2339.904541 0.000000 1619.534424 0.000000 0.578212 0.000000 0.815886 0.584099 0.584099 0.584099
2338.367188 0.000000 1620.386719 0.000000 0.679679 0.000000 -0.733510 0.852458 0.852458 0.852458
2338.448242 0.000000 1621.879639 0.000000 0.693774 0.000000 -0.720192 0.850045 0.850045 0.850045
2338.959229 0.000000 1627.531128 0.000000 0.579595 0.000000 -0.814905 0.840696 0.840696 0.840696
2335.860596 0.000000 1621.928223 0.000000 0.294058 0.000000 -0.955788 0.889723 0.889723 0.889723
2339.953125 0.000000 1627.937744 0.000000 0.778924 0.000000 -0.627118 0.814539 0.814539 0.814539
2339.364990 0.000000 1620.404785 0.000000 0.999516 0.000000 -0.031104 0.753871 0.753871 0.753871
2339.379150 0.000000 1626.782471 0.000000 0.885571 0.000000 0.464503 0.704006 0.704006 0.704006
2492.904785 0.000000 1574.379883 0.000000 0.904782 0.000000 -0.425874 0.836862 0.836862 0.836862
2493.334229 0.000000 1580.913696 0.000000 0.400845 0.000000 -0.916146 0.863543 0.863543 0.863543
2494.877930 0.000000 1575.800903 0.000000 0.395259 0.000000 -0.918570 0.866756 0.866756 0.866756
2495.182129 0.000000 1574.197388 0.000000 0.656501 0.000000 0.754325 0.664309 0.664309 0.664309
2494.671143 0.000000 1581.198364 0.000000 0.354293 0.000000 0.935134 0.567031 0.567031 0.567031
2492.237793 0.000000 1580.183716 0.000000 0.940032 0.000000 0.341085 0.715882 0.715882 0.715882
2492.601807 0.000000 1581.707520 0.000000 0.406479 0.000000 -0.913660 0.862939 0.862939 0.862939
2495.675537 0.000000 1575.142944 0.000000 0.926047 0.000000 -0.377409 0.788803 0.788803 0.788803
2493.760254 0.000000 1580.004639 0.000000 0.735660 0.000000 -0.677350 0.822943 0.822943 0.822943
2493.903320 0.000000 1581.556763 0.000000 0.587115 0.000000 -0.809503 0.842463 0.842463 0.842463
2495.810791 0.000000 1580.056519 0.000000 0.509394 0.000000 -0.860533 0.906882 0.906882 0.906882
2496.927002 0.000000 1580.932495 0.000000 0.510136 0.000000 -0.860094 0.927691 0.927691 0.927691
2495.738525 0.000000 1581.722290 0.000000 0.988751 0.000000 -0.149573 0.772728 0.772728 0.772728
2515.659424 0.000000 1612.401245 0.000000 0.099029 0.000000 -0.995085 0.974431 0.974431 0.974431
2516.274902 0.000000 1614.686768 0.000000 0.999844 0.000000 0.017687 0.746488 0.746488 0.746488
2509.412354 0.000000 1615.750854 0.000000 0.969016 0.000000 -0.246997 0.776707 0.776707 0.776707
2517.915039 0.000000 1612.637085 0.000000 0.634507 0.000000 -0.772917 0.916489 0.916489 0.916489
2508.348389 0.000000 1608.640625 0.000000 0.562163 0.000000 -0.827027 0.864598 0.864598 0.864598
2514.268799 0.000000 1614.148560 0.000000 0.542833 0.000000 -0.839841 0.926690 0.926690 0.926690
2514.429199 0.000000 1606.453857 0.000000 0.214638 0.000000 -0.976694 0.877441 0.877441 0.877441
2508.462891 0.000000 1614.825684 0.000000 0.421067 0.000000 -0.907030 0.871580 0.871580 0.871580
2509.782227 0.000000 1614.393433 0.000000 0.483920 0.000000 -0.875112 0.864035 0.864035 0.864035
2509.623047 0.000000 1608.495117 0.000000 0.921988 0.000000 -0.387218 0.796791 0.796791 0.796791
2514.467529 0.000000 1612.755249 0.000000 0.981705 0.000000 0.190406 0.720783 0.720783 0.720783
2515.604004 0.000000 1613.648682 0.000000 0.311735 0.000000 0.950169 0.558789 0.558789 0.558789
2515.566406 0.000000 1606.928589 0.000000 0.921535 0.000000 0.388296 0.712479 0.712479 0.712479
2508.581543 0.000000 1609.731201 0.000000 0.337772 0.000000 -0.941228 0.894306 0.894306 0.894306
2514.803467 0.000000 1607.604004 0.000000 0.003004 0.000000 0.999995 0.602489 0.602489 0.602489
2509.418701 0.000000 1609.375244 0.000000 0.037901 0.000000 -0.999282 0.930392 0.930392 0.930392
2508.018066 0.000000 1615.644287 0.000000 0.134465 0.000000 -0.990918 0.903656 0.903656 0.903656
2333.551270 0.000000 1666.782471 0.000000 0.756464 0.000000 -0.654035 0.896767 0.896767 0.896767
2334.433838 0.000000 1674.005615 0.000000 0.645035 0.000000 -0.764153 0.910976 0.910976 0.910976
2334.893311 0.000000 1668.693115 0.000000 0.996210 0.000000 -0.086983 0.765288 0.765288 0.765288
2332.982422 0.000000 1672.496582 0.000000 0.973039 0.000000 0.230640 0.708623 0.708623 0.708623
2334.791992 0.000000 1675.783569 0.000000 0.792203 0.000000 0.610258 0.628511 0.628511 0.628511
2335.332031 0.000000 1666.972412 0.000000 0.953673 0.000000 -0.300844 0.800723 0.800723 0.800723
2336.873779 0.000000 1668.324707 0.000000 0.741034 0.000000 0.671467 0.631109 0.631109 0.631109
2338.395508 0.000000 1675.756958 0.000000 0.906514 0.000000 0.422176 0.682061 0.682061 0.682061
2338.668213 0.000000 1669.126465 0.000000 0.971198 0.000000 0.238273 0.719255 0.719255 0.719255
2335.767822 0.000000 1669.866943 0.000000 0.773234 0.000000 -0.634121 0.870572 0.870572 0.870572
2335.807861 0.000000 1667.047241 0.000000 0.292551 0.000000 -0.956250 0.961454 0.961454 0.961454
2339.939941 0.000000 1675.327637 0.000000 0.763461 0.000000 0.645854 0.640551 0.640551 0.640551
2336.979980 0.000000 1675.296509 0.000000 0.529235 0.000000 0.848475 0.582406 0.582406 0.582406
2338.795166 0.000000 1674.281006 0.000000 0.712627 0.000000 0.701543 0.628795 0.628795 0.628795
2339.691895 0.000000 1669.474365 0.000000 0.986527 0.000000 -0.163601 0.771001 0.771001 0.771001
2550.760498 0.000000 1710.729126 0.000000 0.997123 0.000000 -0.075798 0.763446 0.763446 0.763446
2555.542969 0.000000 1709.199341 0.000000 0.989373 0.000000 0.145401 0.735615 0.735615 0.735615
2554.017334 0.000000 1709.422241 0.000000 0.126191 0.000000 0.992006 0.607621 0.607621 0.607621
2554.920898 0.000000 1708.362549 0.000000 0.199941 0.000000 -0.979808 0.885008 0.885008 0.885008
2551.812988 0.000000 1751.677612 0.000000 0.078062 0.000000 -0.996949 1.035495 1.035495 1.035495
2553.147461 0.000000 1751.700928 0.000000 0.971326 0.000000 -0.237751 0.772586 0.772586 0.772586
2552.962646 0.000000 1750.723755 0.000000 0.471528 0.000000 0.881851 0.648406 0.648406 0.648406
2067.226074 0.000000 1849.748901 0.000000 0.826389 0.000000 0.563100 0.651724 0.651724 0.651724
2053.751221 0.000000 1846.419556 0.000000 0.667988 0.000000 0.744172 0.639445 0.639445 0.639445
2053.640381 0.000000 1844.472290 0.000000 0.945525 0.000000 0.325549 0.698498 0.698498 0.698498
2053.364258 0.000000 1847.806519 0.000000 0.073698 0.000000 0.997281 0.552805 0.552805 0.552805
2066.477539 0.000000 1850.882812 0.000000 0.805426 0.000000 -0.592696 0.841406 0.841406 0.841406
2067.643066 0.000000 1850.820923 0.000000 0.752957 0.000000 0.658070 0.646513 0.646513 0.646513
2052.725830 0.000000 1846.765503 0.000000 0.292364 0.000000 -0.956307 0.917830 0.917830 0.917830
2106.083008 0.000000 1846.714355 0.000000 0.485447 0.000000 0.874266 0.541726 0.541726 0.541726
2092.598633 0.000000 1851.450562 0.000000 0.006145 0.000000 0.999981 0.437551 0.437551 0.437551
2106.094727 0.000000 1848.823608 0.000000 0.174952 0.000000 0.984577 0.558417 0.558417 0.558417
2093.783203 0.000000 1853.053101 0.000000 0.244419 0.000000 0.969670 0.623951 0.623951 0.623951
2104.361816 0.000000 1849.382080 0.000000 0.428008 0.000000 -0.903775 0.927178 0.927178 0.927178
2106.866211 0.000000 1849.685059 0.000000 0.963753 0.000000 0.266796 0.712909 0.712909 0.712909
2092.719971 0.000000 1853.120605 0.000000 0.202353 0.000000 0.979313 0.619842 0.619842 0.619842
2093.448730 0.000000 1852.038086 0.000000 0.255212 0.000000 -0.966885 0.874988 0.874988 0.874988
2092.399414 0.000000 1852.293945 0.000000 0.931130 0.000000 -0.364689 0.785542 0.785542 0.785542
2122.225342 0.000000 1853.077881 0.000000 0.160888 0.000000 -0.986973 1.014785 1.014785 1.014785
2130.416504 0.000000 1840.119873 0.000000 0.615072 0.000000 -0.788471 0.916078 0.916078 0.916078
2134.811279 0.000000 1838.697876 0.000000 0.227136 0.000000 0.973863 0.476051 0.476051 0.476051
2137.968262 0.000000 1836.105957 0.000000 0.757120 0.000000 -0.653276 0.848974 0.848974 0.848974
2136.665039 0.000000 1839.899292 0.000000 0.132765 0.000000 -0.991148 1.022550 1.022550 1.022550
2128.304199 0.000000 1839.559937 0.000000 0.965288 0.000000 0.261187 0.701239 0.701239 0.701239
2120.570557 0.000000 1851.813110 0.000000 0.583643 0.000000 0.812010 0.595904 0.595904 0.595904
2136.117920 0.000000 1836.993652 0.000000 0.849079 0.000000 -0.528266 0.827376 0.827376 0.827376
2122.600342 0.000000 1850.863525 0.000000 0.862787 0.000000 0.505568 0.672738 0.672738 0.672738
2128.721191 0.000000 1841.032715 0.000000 0.528369 0.000000 0.849015 0.607871 0.607871 0.607871
2120.520752 0.000000 1853.271362 0.000000 0.963752 0.000000 0.266798 0.705627 0.705627 0.705627
2123.494629 0.000000 1851.718018 0.000000 0.415525 0.000000 -0.909582 0.916506 0.916506 0.916506
2129.817139 0.000000 1841.078857 0.000000 0.340889 0.000000 0.940103 0.578606 0.578606 0.578606
2129.278809 0.000000 1840.163452 0.000000 0.308896 0.000000 0.951096 0.573865 0.573865 0.573865
2077.582275 0.000000 1858.735596 0.000000 0.839441 0.000000 0.543450 0.645273 0.645273 0.645273
2074.192139 0.000000 1859.198486 0.000000 0.542965 0.000000 -0.839755 0.897545 0.897545 0.897545
2075.777344 0.000000 1857.929443 0.000000 0.997384 0.000000 0.072287 0.736975 0.736975 0.736975
2076.017578 0.000000 1859.914307 0.000000 0.244904 0.000000 0.969547 0.508776 0.508776 0.508776
2075.267334 0.000000 1858.983032 0.000000 0.638839 0.000000 0.769340 0.620072 0.620072 0.620072
2101.239014 0.000000 1859.520142 0.000000 0.642765 0.000000 -0.766063 0.920349 0.920349 0.920349
2098.459961 0.000000 1858.418945 0.000000 0.842651 0.000000 0.538461 0.636772 0.636772 0.636772
2099.792969 0.000000 1861.455933 0.000000 0.460164 0.000000 -0.887834 0.931976 0.931976 0.931976
2098.903809 0.000000 1860.041260 0.000000 0.923225 0.000000 -0.384260 0.815689 0.815689 0.815689
2101.031982 0.000000 1860.977295 0.000000 0.594503 0.000000 -0.804093 0.895089 0.895089 0.895089
2100.155518 0.000000 1860.135010 0.000000 0.964574 0.000000 -0.263814 0.791466 0.791466 0.791466
2589.322510 0.000000 1548.921509 0.000000 0.116927 0.000000 -0.993141 0.961071 0.961071 0.961071
2590.402588 0.000000 1546.036865 0.000000 0.952530 0.000000 0.304445 0.695175 0.695175 0.695175
2588.768799 0.000000 1547.127075 0.000000 0.986020 0.000000 -0.166627 0.778352 0.778352 0.778352
2590.760742 0.000000 1547.814819 0.000000 0.999508 0.000000 -0.031373 0.755561 0.755561 0.755561
2588.226074 0.000000 1548.191528 0.000000 0.904583 0.000000 -0.426297 0.813948 0.813948 0.813948
2605.168701 0.000000 1556.527710 0.000000 0.240716 0.000000 -0.970596 1.005435 1.005435 1.005435
2591.799072 0.000000 1548.064331 0.000000 0.157363 0.000000 -0.987541 1.012281 1.012281 1.012281
2602.716309 0.000000 1557.936401 0.000000 0.555534 0.000000 -0.831494 0.932269 0.932269 0.932269
2603.755615 0.000000 1540.570923 0.000000 0.998589 0.000000 -0.053112 0.759178 0.759178 0.759178
2603.224609 0.000000 1555.783813 0.000000 0.771533 0.000000 -0.636189 0.843542 0.843542 0.843542
2605.259521 0.000000 1541.657104 0.000000 0.846116 0.000000 -0.532999 0.809206 0.809206 0.809206
2602.342529 0.000000 1541.384277 0.000000 0.971882 0.000000 0.235469 0.708942 0.708942 0.708942
2605.271484 0.000000 1555.089478 0.000000 0.589268 0.000000 0.807938 0.617112 0.617112 0.617112
2604.919922 0.000000 1540.322754 0.000000 0.740072 0.000000 -0.672527 0.827688 0.827688 0.827688
2602.007568 0.000000 1555.729858 0.000000 0.991544 0.000000 0.129772 0.732346 0.732346 0.732346
2603.520996 0.000000 1554.731323 0.000000 0.017470 0.000000 -0.999847 0.960718 0.960718 0.960718
2604.295410 0.000000 1555.734741 0.000000 0.675152 0.000000 -0.737679 0.867204 0.867204 0.867204
2604.543213 0.000000 1541.121216 0.000000 0.998656 0.000000 -0.051836 0.755462 0.755462 0.755462
2583.462646 0.000000 1568.331299 0.000000 0.592089 0.000000 0.805873 0.587600 0.587600 0.587600
2586.024414 0.000000 1590.776855 0.000000 0.857095 0.000000 -0.515159 0.817640 0.817640 0.817640
2585.476562 0.000000 1569.208130 0.000000 0.506601 0.000000 -0.862181 0.875256 0.875256 0.875256
2587.797607 0.000000 1589.528320 0.000000 0.999448 0.000000 0.033226 0.744559 0.744559 0.744559
2587.162598 0.000000 1591.932617 0.000000 0.938969 0.000000 0.344001 0.706109 0.706109 0.706109
2587.070557 0.000000 1588.375854 0.000000 0.673892 0.000000 -0.738830 0.886124 0.886124 0.886124
2586.443115 0.000000 1589.524170 0.000000 0.795850 0.000000 -0.605494 0.856496 0.856496 0.856496
2584.816406 0.000000 1568.023193 0.000000 0.959022 0.000000 0.283330 0.715388 0.715388 0.715388
2587.362061 0.000000 1590.713867 0.000000 0.082729 0.000000 0.996572 0.564028 0.564028 0.564028
2584.253418 0.000000 1569.272217 0.000000 0.464625 0.000000 -0.885508 0.881043 0.881043 0.881043
2604.191406 0.000000 1578.783325 0.000000 0.419708 0.000000 0.907659 0.553490 0.553490 0.553490
2599.786621 0.000000 1580.911011 0.000000 0.996888 0.000000 -0.078826 0.760394 0.760394 0.760394
2602.435059 0.000000 1580.749268 0.000000 0.234787 0.000000 0.972047 0.498635 0.498635 0.498635
2604.778564 0.000000 1581.536865 0.000000 0.734754 0.000000 0.678334 0.605737 0.605737 0.605737
2607.847168 0.000000 1599.540039 0.000000 0.503516 0.000000 -0.863986 0.832326 0.832326 0.832326
2599.370850 0.000000 1582.552612 0.000000 0.939031 0.000000 -0.343832 0.807473 0.807473 0.807473
2605.558105 0.000000 1578.281982 0.000000 0.476082 0.000000 -0.879401 0.935616 0.935616 0.935616
2602.807861 0.000000 1579.255127 0.000000 0.221816 0.000000 0.975089 0.532446 0.532446 0.532446
2598.392822 0.000000 1581.044922 0.000000 0.322653 0.000000 0.946517 0.586364 0.586364 0.586364
2607.011719 0.000000 1598.837280 0.000000 0.338576 0.000000 -0.940939 0.846711 0.846711 0.846711
2606.093750 0.000000 1598.080811 0.000000 0.879529 0.000000 0.475844 0.710861 0.710861 0.710861
2607.924561 0.000000 1598.506104 0.000000 0.554183 0.000000 -0.832395 0.827613 0.827613 0.827613
2589.963135 0.000000 1629.969727 0.000000 0.991978 0.000000 -0.126410 0.774457 0.774457 0.774457
2591.367188 0.000000 1627.644287 0.000000 0.189334 0.000000 -0.981913 1.020211 1.020211 1.020211
2590.193359 0.000000 1628.504028 0.000000 0.373326 0.000000 0.927700 0.632196 0.632196 0.632196
2591.357666 0.000000 1628.943604 0.000000 0.815906 0.000000 0.578185 0.688877 0.688877 0.688877
2590.577637 0.000000 1629.340820 0.000000 0.040652 0.000000 0.999173 0.598296 0.598296 0.598296
2615.822998 0.000000 1610.581055 0.000000 0.503965 0.000000 -0.863724 0.972844 0.972844 0.972844
2622.767334 0.000000 1625.152466 0.000000 0.419331 0.000000 0.907834 0.531682 0.531682 0.531682
2604.536133 0.000000 1627.505249 0.000000 0.331252 0.000000 0.943542 0.626353 0.626353 0.626353
2617.909668 0.000000 1612.160645 0.000000 0.806534 0.000000 -0.591188 0.827635 0.827635 0.827635
2623.363281 0.000000 1627.644287 0.000000 0.993099 0.000000 0.117281 0.730223 0.730223 0.730223
2616.059326 0.000000 1613.048340 0.000000 0.982065 0.000000 0.188545 0.726719 0.726719 0.726719
2602.541748 0.000000 1626.918213 0.000000 0.603849 0.000000 0.797098 0.588070 0.588070 0.588070
2604.166016 0.000000 1626.104004 0.000000 0.350059 0.000000 -0.936728 0.871641 0.871641 0.871641
2596.695557 0.000000 1625.630737 0.000000 0.429544 0.000000 0.903046 0.619928 0.619928 0.619928
2591.709717 0.000000 1628.672485 0.000000 0.162613 0.000000 0.986690 0.610459 0.610459 0.610459
2597.588135 0.000000 1624.958252 0.000000 0.945032 0.000000 -0.326978 0.788452 0.788452 0.788452
2605.147949 0.000000 1626.606445 0.000000 0.170248 0.000000 0.985401 0.609654 0.609654 0.609654
2617.093994 0.000000 1612.857788 0.000000 0.533398 0.000000 0.845864 0.626259 0.626259 0.626259
2606.858154 0.000000 1599.615112 0.000000 0.980441 0.000000 -0.196814 0.765635 0.765635 0.765635
2580.458496 0.000000 1639.807617 0.000000 0.479393 0.000000 0.877600 0.540373 0.540373 0.540373
2575.045654 0.000000 1649.505981 0.000000 0.205509 0.000000 0.978655 0.466931 0.466931 0.466931
2581.542480 0.000000 1640.940063 0.000000 0.080720 0.000000 -0.996737 0.969702 0.969702 0.969702
2576.666504 0.000000 1649.079590 0.000000 0.936248 0.000000 0.351339 0.711382 0.711382 0.711382
2579.207764 0.000000 1640.551392 0.000000 0.146516 0.000000 -0.989208 0.992725 0.992725 0.992725
2580.239258 0.000000 1641.426758 0.000000 0.995891 0.000000 0.090563 0.736628 0.736628 0.736628
2577.762451 0.000000 1649.125732 0.000000 0.783389 0.000000 -0.621532 0.822147 0.822147 0.822147
2577.224121 0.000000 1648.210327 0.000000 0.799273 0.000000 -0.600968 0.819352 0.819352 0.819352
2605.867432 0.000000 1635.433960 0.000000 0.334691 0.000000 0.942328 0.554201 0.554201 0.554201
2596.521484 0.000000 1636.724243 0.000000 0.457538 0.000000 0.889190 0.535530 0.535530 0.535530
2595.812256 0.000000 1653.347778 0.000000 0.726596 0.000000 -0.687065 0.829776 0.829776 0.829776
2594.364258 0.000000 1643.764771 0.000000 0.979126 0.000000 0.203256 0.719244 0.719244 0.719244
2599.053467 0.000000 1637.184082 0.000000 0.133601 0.000000 0.991035 0.506665 0.506665 0.506665
2597.735352 0.000000 1634.404663 0.000000 0.921438 0.000000 0.388525 0.673455 0.673455 0.673455
2612.373779 0.000000 1648.862915 0.000000 0.745269 0.000000 0.666764 0.653860 0.653860 0.653860
2613.694824 0.000000 1651.585815 0.000000 0.991589 0.000000 0.129427 0.729696 0.729696 0.729696
2599.568359 0.000000 1635.363281 0.000000 0.889940 0.000000 -0.456077 0.825683 0.825683 0.825683
2605.259521 0.000000 1637.633667 0.000000 0.135433 0.000000 -0.990786 0.946271 0.946271 0.946271
2594.335938 0.000000 1652.378906 0.000000 0.882562 0.000000 0.470196 0.698443 0.698443 0.698443
2613.956055 0.000000 1648.189941 0.000000 0.998419 0.000000 0.056214 0.742591 0.742591 0.742591
2594.305420 0.000000 1645.373901 0.000000 0.680615 0.000000 0.732641 0.632460 0.632460 0.632460
2595.908691 0.000000 1643.335449 0.000000 0.146641 0.000000 -0.989190 0.963915 0.963915 0.963915
2612.834473 0.000000 1650.341919 0.000000 0.978473 0.000000 0.206373 0.717481 0.717481 0.717481
2594.416992 0.000000 1653.871826 0.000000 0.309096 0.000000 -0.951031 0.882344 0.882344 0.882344
2595.954834 0.000000 1644.806885 0.000000 0.960163 0.000000 0.279439 0.709513 0.709513 0.709513
2604.487305 0.000000 1635.164062 0.000000 0.957368 0.000000 0.288870 0.703333 0.703333 0.703333
2594.763916 0.000000 1642.288818 0.000000 0.424214 0.000000 -0.905562 0.920201 0.920201 0.920201
2604.919922 0.000000 1636.299316 0.000000 0.693613 0.000000 0.720348 0.639988 0.639988 0.639988
2613.420166 0.000000 1649.153442 0.000000 0.072630 0.000000 0.997359 0.552664 0.552664 0.552664
2595.333740 0.000000 1652.396973 0.000000 0.942127 0.000000 -0.335256 0.786008 0.786008 0.786008
2594.843262 0.000000 1653.113037 0.000000 0.982219 0.000000 -0.187738 0.769891 0.769891 0.769891
2623.930420 0.000000 1625.167725 0.000000 0.467752 0.000000 -0.883860 0.957952 0.957952 0.957952
2624.232910 0.000000 1627.552002 0.000000 0.978409 0.000000 -0.206678 0.781164 0.781164 0.781164
2624.753906 0.000000 1626.278564 0.000000 0.860225 0.000000 0.509915 0.669898 0.669898 0.669898
2625.594238 0.000000 1627.637329 0.000000 0.159653 0.000000 0.987173 0.538856 0.538856 0.538856
2629.366211 0.000000 1650.505615 0.000000 0.515683 0.000000 -0.856780 0.917912 0.917912 0.917912
2627.808350 0.000000 1653.347778 0.000000 0.748702 0.000000 0.662906 0.647620 0.647620 0.647620
2626.306396 0.000000 1650.617676 0.000000 0.490309 0.000000 0.871549 0.567191 0.567191 0.567191
2628.860840 0.000000 1662.450562 0.000000 0.182284 0.000000 -0.983246 1.006807 1.006807 1.006807
2626.468750 0.000000 1663.570435 0.000000 0.058151 0.000000 0.998308 0.557550 0.557550 0.557550
2629.570312 0.000000 1652.519165 0.000000 0.881177 0.000000 0.472787 0.676280 0.676280 0.676280
2627.869385 0.000000 1651.526611 0.000000 0.987366 0.000000 -0.158456 0.777486 0.777486 0.777486
2626.332031 0.000000 1652.378906 0.000000 0.909906 0.000000 -0.414815 0.810428 0.810428 0.810428
2627.334473 0.000000 1662.184937 0.000000 0.916912 0.000000 -0.399090 0.802231 0.802231 0.802231
2626.413086 0.000000 1653.871826 0.000000 0.154126 0.000000 -0.988051 0.950051 0.950051 0.950051
2627.858154 0.000000 1663.222168 0.000000 0.993587 0.000000 0.113072 0.735583 0.735583 0.735583
2629.000732 0.000000 1653.528564 0.000000 0.953114 0.000000 0.302612 0.703978 0.703978 0.703978
2603.519287 0.000000 1688.801514 0.000000 0.999974 0.000000 -0.007144 0.751499 0.751499 0.751499
2612.454590 0.000000 1671.799805 0.000000 0.273641 0.000000 0.961832 0.548353 0.548353 0.548353
2615.610352 0.000000 1668.030884 0.000000 0.647801 0.000000 0.761810 0.662671 0.662671 0.662671
2614.000488 0.000000 1669.922974 0.000000 0.884258 0.000000 -0.466999 0.798992 0.798992 0.798992
2604.863037 0.000000 1686.737183 0.000000 0.635459 0.000000 -0.772135 0.887515 0.887515 0.887515
2605.810791 0.000000 1689.728516 0.000000 0.620229 0.000000 0.784420 0.639827 0.639827 0.639827
2605.365723 0.000000 1688.203613 0.000000 0.803443 0.000000 0.595381 0.672084 0.672084 0.672084
2615.446045 0.000000 1669.443237 0.000000 0.340725 0.000000 -0.940163 0.873325 0.873325 0.873325
2614.184814 0.000000 1668.533691 0.000000 0.613348 0.000000 0.789813 0.658194 0.658194 0.658194
2615.102051 0.000000 1670.868774 0.000000 0.972080 0.000000 0.234651 0.718268 0.718268 0.718268
2613.711426 0.000000 1671.265747 0.000000 0.444176 0.000000 -0.895939 0.923109 0.923109 0.923109
2612.731201 0.000000 1670.358398 0.000000 0.363779 0.000000 -0.931485 0.936816 0.936816 0.936816
2604.637207 0.000000 1689.042236 0.000000 0.133540 0.000000 0.991043 0.574452 0.574452 0.574452
2614.618896 0.000000 1669.280640 0.000000 0.999978 0.000000 0.006580 0.749336 0.749336 0.749336
2589.322510 0.000000 1708.882446 0.000000 0.903043 0.000000 0.429550 0.688273 0.688273 0.688273
2584.868652 0.000000 1725.782227 0.000000 0.949991 0.000000 0.312277 0.710485 0.710485 0.710485
2585.275635 0.000000 1722.868652 0.000000 0.917366 0.000000 -0.398044 0.820253 0.820253 0.820253
2588.768799 0.000000 1707.088013 0.000000 0.996627 0.000000 -0.082061 0.764698 0.764698 0.764698
2585.917480 0.000000 1724.513916 0.000000 0.639879 0.000000 -0.768475 0.859050 0.859050 0.859050
2588.226074 0.000000 1708.152466 0.000000 0.994780 0.000000 0.102043 0.735789 0.735789 0.735789
2584.886475 0.000000 1724.716553 0.000000 0.975856 0.000000 -0.218416 0.777396 0.777396 0.777396
2588.590088 0.000000 1709.676270 0.000000 0.670856 0.000000 0.741588 0.633853 0.633853 0.633853
2585.803223 0.000000 1725.552002 0.000000 0.690391 0.000000 -0.723436 0.850628 0.850628 0.850628
2591.799072 0.000000 1708.025269 0.000000 0.968473 0.000000 0.249120 0.702269 0.702269 0.702269
2608.517578 0.000000 1716.020264 0.000000 0.833449 0.000000 0.552596 0.673865 0.673865 0.673865
2609.699707 0.000000 1714.207397 0.000000 0.895849 0.000000 -0.444359 0.826172 0.826172 0.826172
2608.245850 0.000000 1714.495605 0.000000 0.757577 0.000000 -0.652746 0.867653 0.867653 0.867653
2608.918945 0.000000 1717.451172 0.000000 0.590301 0.000000 -0.807183 0.872154 0.872154 0.872154
2629.370605 0.000000 1663.987183 0.000000 0.217031 0.000000 -0.976165 1.000243 1.000243 1.000243
2629.366211 0.000000 1682.497803 0.000000 0.981095 0.000000 0.193525 0.721830 0.721830 0.721830
2626.306396 0.000000 1682.609863 0.000000 0.018199 0.000000 -0.999834 0.981550 0.981550 0.981550
2629.586182 0.000000 1680.144531 0.000000 0.998052 0.000000 0.062380 0.741111 0.741111 0.741111
2627.869385 0.000000 1683.518799 0.000000 0.536119 0.000000 -0.844142 0.899878 0.899878 0.899878
2624.816406 0.000000 1682.015381 0.000000 0.989687 0.000000 -0.143247 0.770710 0.770710 0.770710
2625.092285 0.000000 1683.581299 0.000000 0.253841 0.000000 0.967246 0.560655 0.560655 0.560655
2627.647949 0.000000 1682.155029 0.000000 0.173581 0.000000 -0.984820 0.958245 0.958245 0.958245
2628.873291 0.000000 1681.279785 0.000000 0.985027 0.000000 -0.172400 0.774673 0.774673 0.774673
2629.000488 0.000000 1683.560303 0.000000 0.376433 0.000000 -0.926444 0.921382 0.921382 0.921382
2633.499268 0.000000 1700.097778 0.000000 0.136781 0.000000 0.990601 0.467750 0.467750 0.467750
2633.492432 0.000000 1714.695557 0.000000 0.996756 0.000000 0.080488 0.737621 0.737621 0.737621
2643.155762 0.000000 1721.780151 0.000000 0.071670 0.000000 -0.997428 1.013144 1.013144 1.013144
2654.763428 0.000000 1721.129028 0.000000 0.999743 0.000000 0.022658 0.745475 0.745475 0.745475
2628.860840 0.000000 1726.434937 0.000000 0.797417 0.000000 -0.603428 0.833511 0.833511 0.833511
2631.866211 0.000000 1726.656616 0.000000 0.964137 0.000000 0.265405 0.701790 0.701790 0.701790
2635.420654 0.000000 1698.237427 0.000000 0.463924 0.000000 -0.885875 0.941052 0.941052 0.941052
2655.359375 0.000000 1723.620850 0.000000 0.994199 0.000000 -0.107556 0.763106 0.763106 0.763106
2631.364258 0.000000 1715.915894 0.000000 0.473132 0.000000 -0.880991 0.913791 0.913791 0.913791
2635.751709 0.000000 1700.531860 0.000000 0.916029 0.000000 0.401112 0.694474 0.694474 0.694474
2644.635986 0.000000 1723.274780 0.000000 0.773975 0.000000 0.633216 0.628092 0.628092 0.628092
2631.244629 0.000000 1714.033569 0.000000 0.907336 0.000000 0.420405 0.684072 0.684072 0.684072
2628.806396 0.000000 1724.646729 0.000000 0.329771 0.000000 -0.944061 0.977841 0.977841 0.977841
2643.266602 0.000000 1720.006836 0.000000 0.700300 0.000000 -0.713848 0.889549 0.889549 0.889549
2644.465332 0.000000 1725.099731 0.000000 0.804414 0.000000 0.594069 0.669068 0.669068 0.669068
2634.338623 0.000000 1701.345215 0.000000 0.611615 0.000000 -0.791156 0.872787 0.872787 0.872787
2642.407471 0.000000 1722.914062 0.000000 0.603984 0.000000 0.796997 0.616594 0.616594 0.616594
2654.457275 0.000000 1722.528320 0.000000 0.280191 0.000000 -0.959944 0.906492 0.906492 0.906492
2635.995605 0.000000 1701.789673 0.000000 0.491087 0.000000 -0.871110 0.892263 0.892263 0.892263
2632.216553 0.000000 1714.897705 0.000000 0.181126 0.000000 -0.983460 0.963342 0.963342 0.963342
2630.423340 0.000000 1715.103149 0.000000 0.912337 0.000000 -0.409439 0.814097 0.814097 0.814097
2655.657959 0.000000 1722.409058 0.000000 0.720781 0.000000 -0.693163 0.843140 0.843140 0.843140
2643.572754 0.000000 1722.852173 0.000000 0.970969 0.000000 0.239206 0.715062 0.715062 0.715062
2655.926514 0.000000 1721.144287 0.000000 0.050344 0.000000 0.998732 0.446381 0.446381 0.446381
2570.170654 0.000000 1757.101318 0.000000 0.295260 0.000000 0.955417 0.482611 0.482611 0.482611
2563.771240 0.000000 1742.240356 0.000000 0.845812 0.000000 -0.533480 0.852886 0.852886 0.852886
2576.582275 0.000000 1738.034058 0.000000 0.991883 0.000000 -0.127153 0.770734 0.770734 0.770734
2560.044678 0.000000 1744.661011 0.000000 0.757806 0.000000 0.652480 0.622822 0.622822 0.622822
2575.154541 0.000000 1741.707764 0.000000 0.950765 0.000000 0.309912 0.689201 0.689201 0.689201
2573.939941 0.000000 1759.064819 0.000000 0.909273 0.000000 0.416200 0.675371 0.675371 0.675371
2561.068848 0.000000 1742.349243 0.000000 0.988446 0.000000 -0.151571 0.772607 0.772607 0.772607
2563.770996 0.000000 1744.669800 0.000000 0.905874 0.000000 -0.423546 0.836354 0.836354 0.836354
2577.235107 0.000000 1740.382690 0.000000 0.039993 0.000000 -0.999200 1.016133 1.016133 1.016133
2574.472656 0.000000 1739.394775 0.000000 0.999848 0.000000 -0.017425 0.753255 0.753255 0.753255
2571.876709 0.000000 1758.403442 0.000000 0.134749 0.000000 -0.990880 0.921367 0.921367 0.921367
2562.010010 0.000000 1743.997559 0.000000 0.622869 0.000000 0.782326 0.585737 0.585737 0.585737
2570.079102 0.000000 1758.978027 0.000000 0.967509 0.000000 0.252836 0.719489 0.719489 0.719489
2560.824219 0.000000 1745.999756 0.000000 0.969373 0.000000 0.245592 0.705607 0.705607 0.705607
2560.868896 0.000000 1743.603271 0.000000 0.989345 0.000000 0.145588 0.728292 0.728292 0.728292
2570.795410 0.000000 1758.098145 0.000000 0.691037 0.000000 -0.722820 0.846433 0.846433 0.846433
2571.614746 0.000000 1759.511475 0.000000 0.160506 0.000000 0.987035 0.581742 0.581742 0.581742
2605.867432 0.000000 1731.410522 0.000000 0.154705 0.000000 0.987961 0.473702 0.473702 0.473702
2610.357910 0.000000 1744.143311 0.000000 0.010012 0.000000 0.999950 0.540900 0.540900 0.540900
2605.168701 0.000000 1748.480835 0.000000 0.885473 0.000000 -0.464690 0.796015 0.796015 0.796015
2602.716309 0.000000 1749.889526 0.000000 0.052493 0.000000 0.998621 0.459604 0.459604 0.459604
2603.424561 0.000000 1730.229614 0.000000 0.994598 0.000000 0.103800 0.730111 0.730111 0.730111
2612.373779 0.000000 1744.839478 0.000000 0.881882 0.000000 -0.471469 0.824323 0.824323 0.824323
2604.424805 0.000000 1728.299194 0.000000 0.497259 0.000000 -0.867602 0.925529 0.925529 0.925529
2605.252197 0.000000 1729.808472 0.000000 0.878864 0.000000 0.477073 0.666891 0.666891 0.666891
2613.956055 0.000000 1744.166504 0.000000 0.471323 0.000000 -0.881961 0.913496 0.913496 0.913496
2611.031006 0.000000 1745.545166 0.000000 0.977146 0.000000 0.212569 0.721303 0.721303 0.721303
2604.078125 0.000000 1749.483887 0.000000 0.049312 0.000000 0.998783 0.605138 0.605138 0.605138
2602.645508 0.000000 1729.128174 0.000000 0.475054 0.000000 -0.879957 0.920711 0.920711 0.920711
2605.790283 0.000000 1749.581665 0.000000 0.980852 0.000000 -0.194755 0.768662 0.768662 0.768662
2604.901611 0.000000 1749.652588 0.000000 0.557889 0.000000 0.829916 0.656791 0.656791 0.656791
2570.474854 0.000000 1759.747314 0.000000 0.276931 0.000000 -0.960890 0.904006 0.904006 0.904006
2571.550293 0.000000 1759.648315 0.000000 0.121438 0.000000 0.992599 0.577031 0.577031 0.577031
2629.370605 0.000000 1727.971558 0.000000 0.039510 0.000000 -0.999219 0.947405 0.947405 0.947405
2631.782715 0.000000 1740.871948 0.000000 0.129666 0.000000 -0.991558 1.032854 1.032854 1.032854
2651.789795 0.000000 1749.489258 0.000000 0.902383 0.000000 0.430936 0.708331 0.708331 0.708331
2631.276123 0.000000 1727.637817 0.000000 0.569335 0.000000 0.822106 0.576793 0.576793 0.576793
2651.062744 0.000000 1748.336792 0.000000 0.451781 0.000000 -0.892129 0.853070 0.853070 0.853070
2633.176758 0.000000 1741.176147 0.000000 0.466013 0.000000 0.884778 0.634397 0.634397 0.634397
2650.435303 0.000000 1749.485107 0.000000 0.690135 0.000000 -0.723680 0.825675 0.825675 0.825675
2632.306641 0.000000 1741.895874 0.000000 0.882485 0.000000 0.470341 0.697875 0.697875 0.697875
2651.907959 0.000000 1748.510620 0.000000 0.559533 0.000000 0.828808 0.658627 0.658627 0.658627
2681.524414 0.000000 1745.995361 0.000000 0.959402 0.000000 -0.282044 0.790875 0.790875 0.790875
2678.744873 0.000000 1742.721313 0.000000 0.830824 0.000000 0.556535 0.639102 0.639102 0.639102
2678.283936 0.000000 1745.772949 0.000000 0.844434 0.000000 -0.535660 0.834941 0.834941 0.834941
2679.905273 0.000000 1745.486694 0.000000 0.960679 0.000000 0.277663 0.707722 0.707722 0.707722
2658.297607 0.000000 1741.350464 0.000000 0.650873 0.000000 -0.759186 0.883408 0.883408 0.883408
2659.947021 0.000000 1740.783447 0.000000 0.474319 0.000000 0.880353 0.583390 0.583390 0.583390
2656.907471 0.000000 1740.893433 0.000000 0.683866 0.000000 -0.729607 0.846233 0.846233 0.846233
2679.320801 0.000000 1744.201904 0.000000 0.149417 0.000000 -0.988774 0.963493 0.963493 0.963493
2681.174072 0.000000 1744.905640 0.000000 0.817931 0.000000 0.575316 0.662368 0.662368 0.662368
2657.479492 0.000000 1740.129761 0.000000 0.879623 0.000000 0.475671 0.691662 0.691662 0.691662
2703.138916 0.000000 1741.707764 0.000000 0.398297 0.000000 0.917256 0.552698 0.552698 0.552698
2700.766846 0.000000 1741.497803 0.000000 0.555840 0.000000 0.831290 0.568902 0.568902 0.568902
2701.388916 0.000000 1743.719604 0.000000 0.834940 0.000000 -0.550341 0.858846 0.858846 0.858846
2703.705078 0.000000 1740.261108 0.000000 0.689530 0.000000 0.724257 0.612371 0.612371 0.612371
2702.800537 0.000000 1743.126587 0.000000 0.599786 0.000000 0.800161 0.595514 0.595514 0.595514
2702.070312 0.000000 1740.748901 0.000000 0.509059 0.000000 -0.860732 0.926158 0.926158 0.926158
2788.841309 0.000000 1758.427124 0.000000 0.853038 0.000000 -0.521849 0.861177 0.861177 0.861177
2791.846680 0.000000 1758.648804 0.000000 0.992285 0.000000 -0.123974 0.767629 0.767629 0.767629
2790.356689 0.000000 1757.573242 0.000000 0.785015 0.000000 -0.619477 0.854514 0.854514 0.854514
2790.222412 0.000000 1758.852661 0.000000 0.451150 0.000000 -0.892448 0.906408 0.906408 0.906408
2791.245361 0.000000 1756.700806 0.000000 0.581464 0.000000 0.813572 0.601340 0.601340 0.601340
2789.351074 0.000000 1759.963745 0.000000 0.851911 0.000000 -0.523687 0.861613 0.861613 0.861613
2800.007812 0.000000 1762.592896 0.000000 0.999927 0.000000 0.012109 0.748663 0.748663 0.748663
2791.256592 0.000000 1759.630005 0.000000 0.602343 0.000000 0.798237 0.618893 0.618893 0.618893
2801.488037 0.000000 1763.557007 0.000000 0.358075 0.000000 -0.933693 0.882961 0.882961 0.882961
2801.159912 0.000000 1762.520630 0.000000 0.974450 0.000000 0.224605 0.724995 0.724995 0.724995
2800.620605 0.000000 1763.327271 0.000000 0.245818 0.000000 -0.969316 0.895968 0.895968 0.895968
2857.465088 0.000000 1714.695557 0.000000 0.462708 0.000000 0.886511 0.529937 0.529937 0.529937
2854.644287 0.000000 1720.415649 0.000000 0.679234 0.000000 0.733922 0.653485 0.653485 0.653485
2855.336914 0.000000 1715.915894 0.000000 0.995480 0.000000 0.094975 0.732983 0.732983 0.732983
2855.217285 0.000000 1714.033569 0.000000 0.470289 0.000000 0.882512 0.556568 0.556568 0.556568
2857.173584 0.000000 1716.771851 0.000000 0.985100 0.000000 0.171982 0.717427 0.717427 0.717427
2854.698730 0.000000 1717.452393 0.000000 0.982521 0.000000 -0.186151 0.764567 0.764567 0.764567
2855.444824 0.000000 1721.399780 0.000000 0.293644 0.000000 -0.955915 0.899065 0.899065 0.899065
2855.935303 0.000000 1717.014160 0.000000 0.546294 0.000000 0.837593 0.672757 0.672757 0.672757
2854.489990 0.000000 1716.377319 0.000000 0.545065 0.000000 -0.838394 0.827358 0.827358 0.827358
2854.490479 0.000000 1721.314575 0.000000 0.893747 0.000000 -0.448572 0.804480 0.804480 0.804480
2855.189697 0.000000 1716.747681 0.000000 0.269461 0.000000 -0.963011 0.850980 0.850980 0.850980
2816.013428 0.000000 1776.653198 0.000000 0.969461 0.000000 0.245247 0.721816 0.721816 0.721816
2819.739746 0.000000 1776.661987 0.000000 0.765118 0.000000 -0.643890 0.875160 0.875160 0.875160
2816.792969 0.000000 1777.991943 0.000000 0.891028 0.000000 -0.453948 0.803598 0.803598 0.803598
2817.299072 0.000000 1776.931274 0.000000 0.163862 0.000000 -0.986483 0.909953 0.909953 0.909953
2817.666260 0.000000 1777.799316 0.000000 0.802159 0.000000 0.597111 0.677213 0.677213 0.677213
2829.141357 0.000000 1812.465210 0.000000 0.091360 0.000000 -0.995818 1.011338 1.011338 1.011338
2819.050537 0.000000 1793.906250 0.000000 0.947442 0.000000 -0.319927 0.804787 0.804787 0.804787
2819.603516 0.000000 1792.097290 0.000000 0.551170 0.000000 -0.834393 0.916054 0.916054 0.916054
2818.958496 0.000000 1795.508301 0.000000 0.992874 0.000000 -0.119170 0.765399 0.765399 0.765399
2829.244141 0.000000 1811.026978 0.000000 0.104022 0.000000 -0.994575 0.912704 0.912704 0.912704
2828.268066 0.000000 1811.672241 0.000000 0.494343 0.000000 -0.869267 0.866900 0.866900 0.866900
2819.906006 0.000000 1795.862061 0.000000 0.453635 0.000000 -0.891188 0.891801 0.891801 0.891801
2818.341309 0.000000 1794.720947 0.000000 0.857844 0.000000 0.513910 0.680420 0.680420 0.680420
2829.789795 0.000000 1811.793823 0.000000 0.517690 0.000000 0.855568 0.636103 0.636103 0.636103
2829.222656 0.000000 1810.117676 0.000000 0.197130 0.000000 0.980377 0.597749 0.597749 0.597749
2843.976562 0.000000 1849.731812 0.000000 0.980292 0.000000 -0.197552 0.787700 0.787700 0.787700
2836.427246 0.000000 1831.760742 0.000000 0.456112 0.000000 -0.889922 0.921026 0.921026 0.921026
2841.993164 0.000000 1846.714355 0.000000 0.291028 0.000000 -0.956715 0.976765 0.976765 0.976765
2837.973145 0.000000 1829.883911 0.000000 0.435655 0.000000 0.900114 0.584220 0.584220 0.584220
2842.004883 0.000000 1848.823608 0.000000 0.998225 0.000000 -0.059549 0.761296 0.761296 0.761296
2840.271973 0.000000 1849.382080 0.000000 0.562028 0.000000 0.827118 0.612952 0.612952 0.612952
2837.684082 0.000000 1831.226685 0.000000 0.276751 0.000000 -0.960942 0.951143 0.951143 0.951143
2836.942139 0.000000 1828.985107 0.000000 0.858964 0.000000 0.512035 0.670435 0.670435 0.670435
2836.703857 0.000000 1830.319336 0.000000 0.224141 0.000000 -0.974557 0.959615 0.959615 0.959615
2836.065674 0.000000 1828.142822 0.000000 0.269713 0.000000 0.962941 0.557922 0.557922 0.557922
2841.693848 0.000000 1849.863159 0.000000 0.908100 0.000000 -0.418753 0.810798 0.810798 0.810798
2939.330566 0.000000 1801.825684 0.000000 0.917010 0.000000 -0.398865 0.794595 0.794595 0.794595
2941.477051 0.000000 1794.751221 0.000000 0.702302 0.000000 -0.711879 0.896176 0.896176 0.896176
2938.086914 0.000000 1795.214111 0.000000 0.383677 0.000000 0.923467 0.579751 0.579751 0.579751
2938.700928 0.000000 1799.453003 0.000000 0.449256 0.000000 -0.893403 0.956979 0.956979 0.956979
2942.823242 0.000000 1799.746216 0.000000 0.893458 0.000000 -0.449147 0.799322 0.799322 0.799322
2939.912354 0.000000 1795.929932 0.000000 0.592377 0.000000 0.805661 0.614499 0.614499 0.614499
2943.257812 0.000000 1794.941162 0.000000 0.156194 0.000000 0.987726 0.521652 0.521652 0.521652
2936.250732 0.000000 1794.467896 0.000000 0.986725 0.000000 -0.162400 0.774236 0.774236 0.774236
2942.564453 0.000000 1793.528320 0.000000 0.936603 0.000000 -0.350392 0.813243 0.813243 0.813243
2943.127441 0.000000 1798.142700 0.000000 0.999934 0.000000 0.011448 0.748788 0.748788 0.748788
2939.561035 0.000000 1800.533447 0.000000 0.999676 0.000000 -0.025458 0.752768 0.752768 0.752768
2936.810303 0.000000 1795.532593 0.000000 0.522490 0.000000 -0.852645 0.901700 0.901700 0.901700
2938.356689 0.000000 1800.548096 0.000000 0.444690 0.000000 -0.895685 0.870646 0.870646 0.870646
2939.162109 0.000000 1794.998657 0.000000 0.999831 0.000000 -0.018402 0.752662 0.752662 0.752662
2938.313232 0.000000 1801.650146 0.000000 0.691192 0.000000 -0.722671 0.837787 0.837787 0.837787
2943.620850 0.000000 1799.088257 0.000000 0.780087 0.000000 -0.625671 0.821577 0.821577 0.821577
2846.291504 0.000000 1873.622803 0.000000 0.130588 0.000000 -0.991437 0.939661 0.939661 0.939661
2846.494141 0.000000 1872.040405 0.000000 0.996512 0.000000 -0.083450 0.761005 0.761005 0.761005
2847.537354 0.000000 1873.787231 0.000000 0.695853 0.000000 0.718184 0.644464 0.644464 0.644464
2847.305908 0.000000 1872.715088 0.000000 0.591370 0.000000 -0.806401 0.873562 0.873562 0.873562
2848.009521 0.000000 1872.629761 0.000000 0.323516 0.000000 -0.946223 0.972786 0.972786 0.972786
2852.833496 0.000000 1886.395874 0.000000 0.095232 0.000000 0.995455 0.461171 0.461171 0.461171
2855.838867 0.000000 1886.617554 0.000000 0.995917 0.000000 0.090268 0.732000 0.732000 0.732000
2848.789062 0.000000 1873.968506 0.000000 0.737591 0.000000 0.675248 0.616958 0.616958 0.616958
2853.343262 0.000000 1887.932495 0.000000 0.858908 0.000000 0.512130 0.644747 0.644747 0.644747
2855.948975 0.000000 1889.416382 0.000000 0.898571 0.000000 0.438829 0.675613 0.675613 0.675613
2852.568115 0.000000 1889.279907 0.000000 0.310780 0.000000 0.950482 0.575552 0.575552 0.575552
2854.491943 0.000000 1889.019531 0.000000 0.333793 0.000000 -0.942646 0.951480 0.951480 0.951480
2907.334473 0.000000 1897.802246 0.000000 0.071116 0.000000 -0.997468 0.915526 0.915526 0.915526
2906.408447 0.000000 1902.650513 0.000000 0.301753 0.000000 -0.953386 0.976898 0.976898 0.976898
2910.363525 0.000000 1897.950928 0.000000 0.721249 0.000000 -0.692676 0.877014 0.877014 0.877014
2905.874512 0.000000 1900.090332 0.000000 0.995815 0.000000 0.091388 0.738562 0.738562 0.738562
2910.917480 0.000000 1902.483643 0.000000 0.420502 0.000000 -0.907291 0.894635 0.894635 0.894635
2904.024170 0.000000 1900.978027 0.000000 0.001962 0.000000 -0.999998 0.946078 0.946078 0.946078
2907.625732 0.000000 1905.273071 0.000000 0.757524 0.000000 0.652808 0.666695 0.666695 0.666695
2910.721680 0.000000 1899.728882 0.000000 0.809265 0.000000 0.587444 0.673992 0.673992 0.673992
2906.183594 0.000000 1904.444824 0.000000 0.663592 0.000000 0.748094 0.651012 0.651012 0.651012
2911.641113 0.000000 1897.042969 0.000000 0.914484 0.000000 -0.404622 0.819145 0.819145 0.819145
2907.247070 0.000000 1899.329590 0.000000 0.775444 0.000000 0.631417 0.633112 0.633112 0.633112
2911.613037 0.000000 1898.571777 0.000000 0.986633 0.000000 -0.162961 0.769815 0.769815 0.769815
2907.564941 0.000000 1896.510010 0.000000 0.997001 0.000000 -0.077395 0.758551 0.758551 0.758551
2905.974365 0.000000 1901.375366 0.000000 0.642230 0.000000 0.766512 0.640840 0.640840 0.640840
2906.360596 0.000000 1896.524658 0.000000 0.999985 0.000000 0.005490 0.749394 0.749394 0.749394
2906.558105 0.000000 1905.477295 0.000000 0.579398 0.000000 0.815045 0.638408 0.638408 0.638408
2906.317139 0.000000 1897.626709 0.000000 0.605633 0.000000 -0.795744 0.851574 0.851574 0.851574
2905.058838 0.000000 1900.787476 0.000000 0.358777 0.000000 -0.933423 0.900460 0.900460 0.900460
2910.095947 0.000000 1903.119385 0.000000 0.970915 0.000000 0.239425 0.719239 0.719239 0.719239
2911.760010 0.000000 1899.978394 0.000000 0.388535 0.000000 0.921434 0.608157 0.608157 0.608157
2913.025879 0.000000 1902.310181 0.000000 0.049397 0.000000 0.998779 0.504304 0.504304 0.504304
2913.967041 0.000000 1903.958496 0.000000 0.613500 0.000000 0.789695 0.602989 0.602989 0.602989
2911.702148 0.000000 1903.134399 0.000000 0.939441 0.000000 -0.342710 0.794505 0.794505 0.794505
2911.867676 0.000000 1898.673096 0.000000 0.999790 0.000000 0.020484 0.747520 0.747520 0.747520
2943.827148 0.000000 1793.209106 0.000000 0.838015 0.000000 -0.545648 0.851963 0.851963 0.851963
2943.733643 0.000000 1795.015991 0.000000 0.056099 0.000000 0.998425 0.505388 0.505388 0.505388
2957.125732 0.000000 1972.426147 0.000000 0.983617 0.000000 -0.180271 0.778866 0.778866 0.778866
2953.453369 0.000000 1970.633057 0.000000 0.732404 0.000000 0.680870 0.696360 0.696360 0.696360
2958.998779 0.000000 1969.427856 0.000000 0.939963 0.000000 -0.341276 0.805462 0.805462 0.805462
2954.673340 0.000000 1973.834839 0.000000 0.962760 0.000000 -0.270359 0.795596 0.795596 0.795596
2954.392090 0.000000 1964.655518 0.000000 0.840666 0.000000 0.541555 0.691975 0.691975 0.691975
2956.735596 0.000000 1965.443115 0.000000 0.283890 0.000000 0.958857 0.595418 0.595418 0.595418
2953.576416 0.000000 1968.606934 0.000000 0.366030 0.000000 -0.930603 0.939127 0.939127 0.939127
2955.181641 0.000000 1971.682251 0.000000 0.436923 0.000000 0.899499 0.610191 0.610191 0.610191
2958.701660 0.000000 1971.271362 0.000000 0.999228 0.000000 -0.039291 0.756104 0.756104 0.756104
2955.841797 0.000000 1964.250977 0.000000 0.928363 0.000000 -0.371676 0.788611 0.788611 0.788611
2956.035156 0.000000 1973.429199 0.000000 0.726229 0.000000 -0.687453 0.870706 0.870706 0.870706
2955.349854 0.000000 1965.808105 0.000000 0.286373 0.000000 -0.958118 0.879817 0.879817 0.879817
2952.533447 0.000000 1969.531372 0.000000 0.072313 0.000000 -0.997382 0.986938 0.986938 0.986938
2952.177490 0.000000 1970.835205 0.000000 0.597634 0.000000 -0.801769 0.816624 0.816624 0.816624
2957.747314 0.000000 1973.526978 0.000000 0.671120 0.000000 0.741349 0.617015 0.617015 0.617015
2958.496094 0.000000 1968.278320 0.000000 0.029497 0.000000 -0.999565 0.995449 0.995449 0.995449
2954.127930 0.000000 1965.849854 0.000000 0.044176 0.000000 0.999024 0.595216 0.595216 0.595216
2958.145508 0.000000 1970.245117 0.000000 0.501169 0.000000 0.865350 0.587563 0.587563 0.587563
2953.964600 0.000000 1971.628296 0.000000 0.816734 0.000000 -0.577014 0.794051 0.794051 0.794051
2955.478027 0.000000 1970.629761 0.000000 0.981537 0.000000 0.191273 0.725946 0.725946 0.725946
2952.833008 0.000000 1971.712646 0.000000 0.099345 0.000000 -0.995053 0.855373 0.855373 0.855373
2954.458984 0.000000 1970.755981 0.000000 0.499417 0.000000 0.866362 0.619034 0.619034 0.619034
2957.102051 0.000000 1964.576660 0.000000 0.784886 0.000000 -0.619640 0.830521 0.830521 0.830521
2955.235840 0.000000 1964.934814 0.000000 0.885277 0.000000 -0.465064 0.799043 0.799043 0.799043
3026.235352 0.000000 1974.482300 0.000000 0.909638 0.000000 0.415403 0.688518 0.688518 0.688518
3027.793701 0.000000 1982.493774 0.000000 0.103786 0.000000 -0.994600 1.006660 1.006660 1.006660
3030.454590 0.000000 1977.751099 0.000000 0.984051 0.000000 -0.177885 0.772854 0.772854 0.772854
3028.937256 0.000000 1975.440796 0.000000 0.553269 0.000000 -0.833002 0.903464 0.903464 0.903464
3024.801270 0.000000 1977.329956 0.000000 0.999600 0.000000 -0.028281 0.754790 0.754790 0.754790
3029.904785 0.000000 1982.729126 0.000000 0.890782 0.000000 -0.454431 0.801009 0.801009 0.801009
3033.981445 0.000000 1976.792358 0.000000 0.980160 0.000000 -0.198209 0.784353 0.784353 0.784353
3024.447510 0.000000 1974.775635 0.000000 0.937193 0.000000 -0.348811 0.800536 0.800536 0.800536
3032.248535 0.000000 1977.350830 0.000000 0.310163 0.000000 0.950683 0.533855 0.533855 0.533855
3027.219727 0.000000 1975.944336 0.000000 0.647558 0.000000 0.762016 0.625651 0.625651 0.625651
3023.182129 0.000000 1981.664429 0.000000 0.049125 0.000000 0.998793 0.520500 0.520500 0.520500
3025.617920 0.000000 1975.987061 0.000000 0.975888 0.000000 -0.218273 0.781210 0.781210 0.781210
3024.415283 0.000000 1980.610229 0.000000 0.909068 0.000000 -0.416648 0.813610 0.813610 0.813610
3030.276855 0.000000 1976.270142 0.000000 0.851818 0.000000 -0.523838 0.820458 0.820458 0.820458
3027.738770 0.000000 1974.609863 0.000000 0.968082 0.000000 -0.250635 0.786359 0.786359 0.786359
3022.757080 0.000000 1980.570801 0.000000 0.527453 0.000000 -0.849584 0.903115 0.903115 0.903115
3025.600586 0.000000 1980.885376 0.000000 0.322014 0.000000 0.946735 0.566027 0.566027 0.566027
3028.554688 0.000000 1983.489380 0.000000 0.443755 0.000000 -0.896148 0.870136 0.870136 0.870136
3028.902100 0.000000 1982.068115 0.000000 0.729255 0.000000 -0.684242 0.831484 0.831484 0.831484
3031.266357 0.000000 1976.763306 0.000000 0.379695 0.000000 -0.925112 0.900965 0.900965 0.900965
3029.773682 0.000000 1983.527588 0.000000 0.492129 0.000000 -0.870522 0.864215 0.864215 0.864215
3028.948242 0.000000 1983.881714 0.000000 0.999988 0.000000 -0.004884 0.750528 0.750528 0.750528
1506.497070 0.000000 2123.647705 0.000000 0.899385 0.000000 -0.437157 0.813409 0.813409 0.813409
1506.598999 0.000000 2120.822510 0.000000 0.542171 0.000000 -0.840268 0.869661 0.869661 0.869661
1506.438232 0.000000 2125.256836 0.000000 0.960972 0.000000 -0.276647 0.791331 0.791331 0.791331
1506.896606 0.000000 2122.171631 0.000000 0.980567 0.000000 -0.196185 0.777675 0.777675 0.777675
1507.265137 0.000000 2120.002441 0.000000 0.999549 0.000000 0.030019 0.746399 0.746399 0.746399
1507.560303 0.000000 2120.949219 0.000000 0.615722 0.000000 -0.787963 0.858834 0.858834 0.858834
1655.939941 0.000000 2058.471680 0.000000 0.999362 0.000000 0.035712 0.743328 0.743328 0.743328
1644.504395 0.000000 2065.865234 0.000000 0.227412 0.000000 -0.973799 0.971901 0.971901 0.971901
1653.404541 0.000000 2058.389893 0.000000 0.474897 0.000000 -0.880041 0.937057 0.937057 0.937057
1638.792725 0.000000 2072.329834 0.000000 0.786352 0.000000 -0.617779 0.821258 0.821258 0.821258
1654.020386 0.000000 2060.527832 0.000000 0.306275 0.000000 0.951943 0.517586 0.517586 0.517586
1643.341675 0.000000 2067.658691 0.000000 0.909745 0.000000 -0.415168 0.832127 0.832127 0.832127
1642.923340 0.000000 2065.619385 0.000000 0.631640 0.000000 -0.775262 0.900244 0.900244 0.900244
1644.241943 0.000000 2064.419922 0.000000 0.299712 0.000000 -0.954030 0.959498 0.959498 0.959498
1645.725098 0.000000 2065.068115 0.000000 0.175713 0.000000 -0.984441 0.980633 0.980633 0.980633
1653.585571 0.000000 2061.855225 0.000000 0.804187 0.000000 0.594376 0.641132 0.641132 0.641132
1639.593140 0.000000 2073.313721 0.000000 0.916746 0.000000 0.399471 0.706026 0.706026 0.706026
1638.638916 0.000000 2073.228760 0.000000 0.241683 0.000000 -0.970355 0.891968 0.891968 0.891968
"}
