object={
	name="tree_pine_generator_1_0"
	clamp_to_water_level=no
	render_under_water=no
	generated_content=yes
	layer="tree_layer"
	pdxmesh="tree_pine_01_mesh"
	count=436
	transform="1209.244995 0.000000 2685.681152 0.000000 0.627466 0.000000 -0.778644 0.987820 0.987820 0.987820
1211.895142 0.000000 2684.410156 0.000000 0.117155 0.000000 -0.993114 2.052361 2.052361 2.052361
1210.244385 0.000000 2684.334717 0.000000 0.749536 0.000000 -0.661963 1.600639 1.600639 1.600639
1211.046387 0.000000 2685.376221 0.000000 0.987355 0.000000 0.158525 1.054422 1.054422 1.054422
1210.214233 0.000000 2685.985107 0.000000 0.521784 0.000000 0.853078 0.520566 0.520566 0.520566
1213.493896 0.000000 2694.821777 0.000000 0.659107 0.000000 -0.752049 1.667216 1.667216 1.667216
1204.567383 0.000000 2695.699951 0.000000 0.825351 0.000000 -0.564620 1.074296 1.074296 1.074296
1205.994019 0.000000 2693.664062 0.000000 0.127553 0.000000 -0.991832 1.518531 1.518531 1.518531
1203.493896 0.000000 2693.548828 0.000000 0.523209 0.000000 0.852205 0.847852 0.847852 0.847852
1213.778198 0.000000 2692.470459 0.000000 0.752923 0.000000 -0.658108 0.994381 0.994381 0.994381
1212.207520 0.000000 2694.095215 0.000000 0.923206 0.000000 -0.384305 1.389377 1.389377 1.389377
1204.795288 0.000000 2692.951172 0.000000 0.002453 0.000000 0.999997 0.534596 0.534596 0.534596
1205.970581 0.000000 2692.362793 0.000000 0.785436 0.000000 -0.618943 1.265134 1.265134 1.265134
1212.395874 0.000000 2695.256836 0.000000 0.925669 0.000000 -0.378334 1.385448 1.385448 1.385448
1204.005371 0.000000 2692.044434 0.000000 0.935905 0.000000 0.352252 0.929435 0.929435 0.929435
1213.900269 0.000000 2695.865479 0.000000 0.650172 0.000000 0.759787 0.624417 0.624417 0.624417
1213.028931 0.000000 2695.824219 0.000000 0.631525 0.000000 -0.775356 1.689185 1.689185 1.689185
1223.876709 0.000000 2696.240967 0.000000 0.902104 0.000000 0.431519 0.902832 0.902832 0.902832
1220.224243 0.000000 2691.300781 0.000000 0.495815 0.000000 -0.868428 1.158989 1.158989 1.158989
1220.689819 0.000000 2694.612061 0.000000 0.892304 0.000000 0.451436 0.884637 0.884637 0.884637
1222.233398 0.000000 2698.160645 0.000000 0.655180 0.000000 -0.755473 1.612539 1.612539 1.612539
1221.875122 0.000000 2696.217773 0.000000 0.940396 0.000000 0.340080 0.921749 0.921749 0.921749
1220.856445 0.000000 2692.904541 0.000000 0.975348 0.000000 -0.220672 1.181188 1.181188 1.181188
1221.958374 0.000000 2691.605957 0.000000 0.294752 0.000000 -0.955574 1.196101 1.196101 1.196101
1220.382324 0.000000 2696.641113 0.000000 0.132847 0.000000 -0.991137 1.209222 1.209222 1.209222
1222.092651 0.000000 2699.642334 0.000000 0.127848 0.000000 -0.991794 1.940841 1.940841 1.940841
1221.847900 0.000000 2693.975342 0.000000 0.387447 0.000000 -0.921892 1.588287 1.588287 1.588287
1223.184448 0.000000 2698.992676 0.000000 0.976053 0.000000 -0.217531 1.255747 1.255747 1.255747
1221.883301 0.000000 2695.130615 0.000000 0.668411 0.000000 0.743792 0.723647 0.723647 0.723647
1220.948242 0.000000 2695.636230 0.000000 0.038078 0.000000 0.999275 0.421977 0.421977 0.421977
1221.805054 0.000000 2692.711914 0.000000 0.671725 0.000000 0.740801 0.728542 0.728542 0.728542
1223.642578 0.000000 2699.781494 0.000000 0.958984 0.000000 0.283459 0.971989 0.971989 0.971989
1218.533691 0.000000 2747.135010 0.000000 0.600015 0.000000 0.799989 0.886768 0.886768 0.886768
1238.837036 0.000000 2745.292236 0.000000 0.356457 0.000000 0.934312 0.754603 0.754603 0.754603
1222.583740 0.000000 2737.319824 0.000000 0.655436 0.000000 0.755251 0.870777 0.870777 0.870777
1242.478760 0.000000 2742.148682 0.000000 0.548458 0.000000 -0.836178 1.692084 1.692084 1.692084
1237.098511 0.000000 2743.136719 0.000000 0.375658 0.000000 -0.926758 1.050971 1.050971 1.050971
1220.207642 0.000000 2745.205322 0.000000 0.571406 0.000000 -0.820667 1.377815 1.377815 1.377815
1220.909424 0.000000 2747.455078 0.000000 0.959943 0.000000 0.280196 0.948770 0.948770 0.948770
1224.157715 0.000000 2738.854736 0.000000 0.745897 0.000000 -0.666062 1.107489 1.107489 1.107489
1243.605591 0.000000 2743.675781 0.000000 0.157882 0.000000 0.987458 0.338393 0.338393 0.338393
1221.721802 0.000000 2744.533447 0.000000 0.644195 0.000000 0.764861 0.756793 0.756793 0.756793
1224.529297 0.000000 2737.260254 0.000000 0.821168 0.000000 -0.570687 1.266507 1.266507 1.266507
1238.633301 0.000000 2743.754395 0.000000 0.639833 0.000000 -0.768514 1.273491 1.273491 1.273491
1220.793579 0.000000 2740.142090 0.000000 0.974111 0.000000 -0.226069 1.048392 1.048392 1.048392
1238.193115 0.000000 2742.215820 0.000000 0.958969 0.000000 0.283509 0.947804 0.947804 0.947804
1221.338379 0.000000 2746.120850 0.000000 0.853472 0.000000 -0.521139 1.181621 1.181621 1.181621
1243.725952 0.000000 2742.444092 0.000000 0.044744 0.000000 -0.998998 1.993955 1.993955 1.993955
1239.373169 0.000000 2742.047119 0.000000 0.152293 0.000000 0.988335 0.631494 0.631494 0.631494
1221.487427 0.000000 2739.158203 0.000000 0.993404 0.000000 -0.114670 1.132026 1.132026 1.132026
1242.589111 0.000000 2743.254639 0.000000 0.564559 0.000000 0.825392 0.587071 0.587071 0.587071
1224.995361 0.000000 2736.235352 0.000000 0.763610 0.000000 -0.645678 1.299395 1.299395 1.299395
1256.525513 0.000000 2741.812256 0.000000 0.704478 0.000000 0.709726 0.855862 0.855862 0.855862
1259.888184 0.000000 2726.528320 0.000000 0.814385 0.000000 0.580325 0.870683 0.870683 0.870683
1259.113647 0.000000 2728.467529 0.000000 0.936376 0.000000 0.350999 0.924826 0.924826 0.924826
1261.828369 0.000000 2729.355225 0.000000 0.828680 0.000000 -0.559722 1.021882 1.021882 1.021882
1257.852417 0.000000 2740.462891 0.000000 0.983136 0.000000 -0.182878 0.997327 0.997327 0.997327
1252.200806 0.000000 2750.646729 0.000000 0.027071 0.000000 -0.999633 1.557259 1.557259 1.557259
1258.306152 0.000000 2727.300293 0.000000 0.067990 0.000000 -0.997686 1.297751 1.297751 1.297751
1258.917969 0.000000 2729.781982 0.000000 0.904637 0.000000 0.426183 0.906377 0.906377 0.906377
1256.345825 0.000000 2743.168213 0.000000 0.954149 0.000000 -0.299332 1.296555 1.296555 1.296555
1257.439087 0.000000 2742.125732 0.000000 0.886903 0.000000 -0.461956 1.393439 1.393439 1.393439
1257.223389 0.000000 2743.490967 0.000000 0.353321 0.000000 -0.935502 1.794527 1.794527 1.794527
1252.979126 0.000000 2752.120361 0.000000 0.558942 0.000000 0.829207 0.722355 0.722355 0.722355
1260.610596 0.000000 2764.866699 0.000000 0.773809 0.000000 -0.633419 1.106123 1.106123 1.106123
1261.623535 0.000000 2766.671875 0.000000 0.467287 0.000000 -0.884106 1.477336 1.477336 1.477336
1253.169556 0.000000 2753.795166 0.000000 0.960958 0.000000 -0.276695 1.144710 1.144710 1.144710
1260.666016 0.000000 2767.893555 0.000000 0.311822 0.000000 -0.950141 1.541307 1.541307 1.541307
1260.343384 0.000000 2766.142090 0.000000 0.909306 0.000000 -0.416128 1.229411 1.229411 1.229411
1252.085693 0.000000 2753.126709 0.000000 0.732499 0.000000 0.680768 0.799195 0.799195 0.799195
1342.597656 0.000000 2781.701904 0.000000 0.759501 0.000000 0.650506 0.864926 0.864926 0.864926
1333.035156 0.000000 2778.295166 0.000000 0.444279 0.000000 0.895889 0.644755 0.644755 0.644755
1333.326172 0.000000 2776.740967 0.000000 0.203373 0.000000 -0.979101 1.369744 1.369744 1.369744
1341.463135 0.000000 2780.472168 0.000000 0.909310 0.000000 0.416119 0.906926 0.906926 0.906926
1333.047363 0.000000 2779.489990 0.000000 0.461200 0.000000 -0.887296 1.484478 1.484478 1.484478
1333.992188 0.000000 2779.027832 0.000000 0.177277 0.000000 -0.984161 1.599318 1.599318 1.599318
1305.834961 0.000000 2801.799316 0.000000 0.687256 0.000000 0.726416 0.873488 0.873488 0.873488
1304.146606 0.000000 2800.414062 0.000000 0.119064 0.000000 -0.992887 1.065283 1.065283 1.065283
1307.635254 0.000000 2801.474609 0.000000 0.662786 0.000000 -0.748809 1.554486 1.554486 1.554486
1306.552002 0.000000 2800.496094 0.000000 0.478451 0.000000 -0.878114 1.670963 1.670963 1.670963
1307.729980 0.000000 2800.503418 0.000000 0.200135 0.000000 0.979768 0.410817 0.410817 0.410817
1306.725464 0.000000 2801.429688 0.000000 0.991606 0.000000 0.129297 1.050717 1.050717 1.050717
1319.864990 0.000000 2792.217529 0.000000 0.651794 0.000000 -0.758396 0.947230 0.947230 0.947230
1323.880371 0.000000 2790.512695 0.000000 0.195138 0.000000 0.980776 0.773160 0.773160 0.773160
1321.631226 0.000000 2794.095947 0.000000 0.631821 0.000000 -0.775114 1.113500 1.113500 1.113500
1325.975952 0.000000 2789.420166 0.000000 0.703952 0.000000 -0.710248 1.127799 1.127799 1.127799
1332.729858 0.000000 2815.255859 0.000000 0.511825 0.000000 0.859089 0.442361 0.442361 0.442361
1320.369507 0.000000 2795.266602 0.000000 0.310932 0.000000 0.950432 0.779784 0.779784 0.779784
1324.978027 0.000000 2791.891113 0.000000 0.372736 0.000000 -0.927937 1.297042 1.297042 1.297042
1324.402710 0.000000 2788.929199 0.000000 0.095024 0.000000 -0.995475 1.251016 1.251016 1.251016
1321.419556 0.000000 2792.465820 0.000000 0.002842 0.000000 -0.999996 2.376726 2.376726 2.376726
1325.586792 0.000000 2790.679688 0.000000 0.960843 0.000000 -0.277094 1.079139 1.079139 1.079139
1320.790161 0.000000 2793.376953 0.000000 0.273691 0.000000 -0.961818 2.170186 2.170186 2.170186
1333.323242 0.000000 2814.386230 0.000000 0.819184 0.000000 0.573531 0.746449 0.746449 0.746449
1332.257080 0.000000 2814.498779 0.000000 0.666711 0.000000 -0.745316 1.790928 1.790928 1.790928
1320.036011 0.000000 2793.020020 0.000000 0.192904 0.000000 -0.981218 2.232743 2.232743 2.232743
1320.618286 0.000000 2792.468750 0.000000 0.860532 0.000000 0.509396 0.794146 0.794146 0.794146
1362.438477 0.000000 2774.286865 0.000000 0.986795 0.000000 0.161976 1.014212 1.014212 1.014212
1357.585449 0.000000 2782.995117 0.000000 0.023329 0.000000 0.999728 0.419313 0.419313 0.419313
1343.899780 0.000000 2781.489014 0.000000 0.826272 0.000000 -0.563271 1.068534 1.068534 1.068534
1363.484131 0.000000 2775.941650 0.000000 0.968913 0.000000 0.247403 0.977645 0.977645 0.977645
1362.040161 0.000000 2772.566650 0.000000 0.945044 0.000000 0.326944 0.926038 0.926038 0.926038
1363.849365 0.000000 2774.737793 0.000000 0.678051 0.000000 -0.735015 1.428178 1.428178 1.428178
1362.575562 0.000000 2775.342285 0.000000 0.713593 0.000000 0.700560 0.757262 0.757262 0.757262
1394.434570 0.000000 2774.286865 0.000000 0.884266 0.000000 0.466983 0.889362 0.889362 0.889362
1407.640747 0.000000 2755.232422 0.000000 0.960009 0.000000 0.279969 0.942137 0.942137 0.942137
1380.564209 0.000000 2774.573486 0.000000 0.814447 0.000000 -0.580238 1.473045 1.473045 1.473045
1404.357178 0.000000 2754.739746 0.000000 0.429210 0.000000 -0.903205 1.530858 1.530858 1.530858
1403.871704 0.000000 2780.386719 0.000000 0.010119 0.000000 -0.999949 1.125124 1.125124 1.125124
1397.078979 0.000000 2775.128906 0.000000 0.603882 0.000000 0.797074 0.789002 0.789002 0.789002
1405.754761 0.000000 2756.454834 0.000000 0.966663 0.000000 -0.256054 0.997165 0.997165 0.997165
1407.713013 0.000000 2757.335938 0.000000 0.499938 0.000000 0.866061 0.789509 0.789509 0.789509
1395.480225 0.000000 2775.941650 0.000000 0.233597 0.000000 0.972334 0.621986 0.621986 0.621986
1406.170776 0.000000 2754.175781 0.000000 0.662173 0.000000 0.749351 0.813255 0.813255 0.813255
1394.036255 0.000000 2772.566650 0.000000 0.988850 0.000000 -0.148915 0.981386 0.981386 0.981386
1403.148804 0.000000 2778.850098 0.000000 0.895958 0.000000 -0.444139 1.182193 1.182193 1.182193
1404.845825 0.000000 2778.952881 0.000000 0.834669 0.000000 0.550751 0.884403 0.884403 0.884403
1395.845459 0.000000 2774.737793 0.000000 0.500870 0.000000 -0.865523 1.371774 1.371774 1.371774
1380.536255 0.000000 2775.849365 0.000000 0.855663 0.000000 -0.517533 1.431522 1.431522 1.431522
1381.467896 0.000000 2771.150391 0.000000 0.160343 0.000000 -0.987061 1.940439 1.940439 1.940439
1404.536011 0.000000 2755.914795 0.000000 0.133574 0.000000 0.991039 0.497260 0.497260 0.497260
1405.509277 0.000000 2755.221436 0.000000 0.627951 0.000000 0.778252 0.716937 0.716937 0.716937
1381.617432 0.000000 2775.320068 0.000000 0.190045 0.000000 -0.981775 1.893809 1.893809 1.893809
1381.935303 0.000000 2770.026123 0.000000 0.998039 0.000000 -0.062600 1.172194 1.172194 1.172194
1380.598511 0.000000 2770.870850 0.000000 0.981158 0.000000 0.193206 1.025590 1.025590 1.025590
1381.485840 0.000000 2774.402344 0.000000 0.025489 0.000000 0.999675 0.275690 0.275690 0.275690
1366.821411 0.000000 2809.276611 0.000000 0.968293 0.000000 -0.249818 1.007297 1.007297 1.007297
1369.622070 0.000000 2788.147705 0.000000 0.046064 0.000000 -0.998939 1.416031 1.416031 1.416031
1366.859009 0.000000 2804.940918 0.000000 0.149603 0.000000 0.988746 0.592001 0.592001 0.592001
1357.585449 0.000000 2814.987305 0.000000 0.559619 0.000000 0.828750 0.729595 0.729595 0.729595
1344.804688 0.000000 2786.411865 0.000000 0.652126 0.000000 -0.758111 1.446617 1.446617 1.446617
1364.256470 0.000000 2803.814941 0.000000 0.998760 0.000000 0.049788 0.925465 0.925465 0.925465
1365.082886 0.000000 2807.121094 0.000000 0.861250 0.000000 -0.508182 1.079061 1.079061 1.079061
1346.583862 0.000000 2814.145020 0.000000 0.721456 0.000000 -0.692460 1.104057 1.104057 1.104057
1358.369263 0.000000 2812.944092 0.000000 0.889162 0.000000 -0.457592 1.078636 1.078636 1.078636
1371.659424 0.000000 2788.708496 0.000000 0.992872 0.000000 -0.119184 1.034392 1.034392 1.034392
1356.380981 0.000000 2813.264893 0.000000 0.177831 0.000000 -0.984061 1.192214 1.192214 1.192214
1367.942871 0.000000 2802.381104 0.000000 0.244455 0.000000 0.969661 0.773574 0.773574 0.773574
1346.363525 0.000000 2787.219482 0.000000 0.652713 0.000000 -0.757605 1.265112 1.265112 1.265112
1369.205566 0.000000 2789.777588 0.000000 0.368361 0.000000 0.929683 0.709986 0.709986 0.709986
1348.189087 0.000000 2814.631104 0.000000 0.321796 0.000000 0.946809 0.558920 0.558920 0.558920
1365.322266 0.000000 2808.733154 0.000000 0.463220 0.000000 -0.886243 1.145021 1.145021 1.145021
1359.079956 0.000000 2814.353271 0.000000 0.566789 0.000000 0.823863 0.771667 0.771667 0.771667
1366.617676 0.000000 2807.738770 0.000000 0.589570 0.000000 0.807717 0.820933 0.820933 0.820933
1356.534424 0.000000 2783.593750 0.000000 0.046123 0.000000 0.998936 0.429155 0.429155 0.429155
1370.448120 0.000000 2789.322021 0.000000 0.295431 0.000000 -0.955364 1.297825 1.297825 1.297825
1345.221558 0.000000 2787.589600 0.000000 0.990450 0.000000 0.137871 1.025163 1.025163 1.025163
1345.856445 0.000000 2786.038330 0.000000 0.594623 0.000000 0.804005 0.689388 0.689388 0.689388
1349.148438 0.000000 2814.883789 0.000000 0.528528 0.000000 -0.848916 1.511401 1.511401 1.511401
1402.025757 0.000000 2796.579834 0.000000 0.541968 0.000000 0.840399 0.571789 0.571789 0.571789
1377.363525 0.000000 2793.587891 0.000000 0.992849 0.000000 -0.119377 0.996923 0.996923 0.996923
1406.737305 0.000000 2798.682373 0.000000 0.236471 0.000000 0.971639 0.786005 0.786005 0.786005
1407.103394 0.000000 2796.002197 0.000000 0.196533 0.000000 -0.980497 1.113838 1.113838 1.113838
1403.747803 0.000000 2796.320557 0.000000 0.969697 0.000000 0.244311 0.995055 0.995055 0.995055
1377.189331 0.000000 2794.946289 0.000000 0.570012 0.000000 -0.821636 1.571777 1.571777 1.571777
1376.076294 0.000000 2794.158936 0.000000 0.019248 0.000000 -0.999815 1.855521 1.855521 1.855521
1402.549805 0.000000 2797.786865 0.000000 0.751854 0.000000 -0.659329 1.539756 1.539756 1.539756
1402.952515 0.000000 2796.892334 0.000000 0.789484 0.000000 -0.613772 1.506458 1.506458 1.506458
1408.816162 0.000000 2772.833740 0.000000 0.819790 0.000000 -0.572665 1.064769 1.064769 1.064769
1411.690796 0.000000 2771.088623 0.000000 0.324267 0.000000 -0.945966 1.168612 1.168612 1.168612
1409.815308 0.000000 2770.894531 0.000000 0.464123 0.000000 -0.885771 1.197799 1.197799 1.197799
1411.490479 0.000000 2772.938477 0.000000 0.863152 0.000000 -0.504944 1.027225 1.027225 1.027225
1451.237305 0.000000 2776.891602 0.000000 0.505082 0.000000 0.863071 0.745940 0.745940 0.745940
1466.451416 0.000000 2774.140869 0.000000 0.874169 0.000000 0.485622 0.890572 0.890572 0.890572
1460.244751 0.000000 2771.822754 0.000000 0.802562 0.000000 0.596568 0.765777 0.765777 0.765777
1464.045044 0.000000 2775.142822 0.000000 0.999506 0.000000 -0.031433 1.100625 1.100625 1.100625
1448.531982 0.000000 2782.589600 0.000000 0.983268 0.000000 -0.182165 1.023801 1.023801 1.023801
1453.453613 0.000000 2777.202148 0.000000 0.680218 0.000000 -0.733010 1.345079 1.345079 1.345079
1463.931152 0.000000 2770.388916 0.000000 0.596681 0.000000 -0.802478 1.127691 1.127691 1.127691
1467.578247 0.000000 2775.667969 0.000000 0.822823 0.000000 -0.568298 1.151070 1.151070 1.151070
1461.924805 0.000000 2771.445801 0.000000 0.018970 0.000000 0.999820 0.226464 0.226464 0.226464
1452.255127 0.000000 2777.891846 0.000000 0.852968 0.000000 0.521963 0.863833 0.863833 0.863833
1465.491577 0.000000 2775.200439 0.000000 0.226775 0.000000 -0.973947 1.666157 1.666157 1.666157
1460.859253 0.000000 2770.634277 0.000000 0.145700 0.000000 -0.989329 1.985396 1.985396 1.985396
1452.416870 0.000000 2776.621826 0.000000 0.998631 0.000000 0.052302 1.038115 1.038115 1.038115
1453.432983 0.000000 2776.054932 0.000000 0.474954 0.000000 -0.880010 1.433882 1.433882 1.433882
1465.346924 0.000000 2774.164795 0.000000 0.628160 0.000000 -0.778084 1.471797 1.471797 1.471797
1461.791992 0.000000 2770.528564 0.000000 0.700076 0.000000 -0.714068 1.613515 1.613515 1.613515
1461.184937 0.000000 2771.936523 0.000000 0.645970 0.000000 -0.763363 1.656780 1.656780 1.656780
1418.311279 0.000000 2812.843506 0.000000 0.715543 0.000000 -0.698569 1.057681 1.057681 1.057681
1408.019165 0.000000 2798.450928 0.000000 0.315960 0.000000 -0.948773 1.260512 1.260512 1.260512
1437.370117 0.000000 2807.166260 0.000000 0.611854 0.000000 0.790971 0.771481 0.771481 0.771481
1439.595947 0.000000 2806.618652 0.000000 0.700365 0.000000 -0.713785 1.219596 1.219596 1.219596
1409.955566 0.000000 2799.510742 0.000000 0.993715 0.000000 0.111938 0.975327 0.975327 0.975327
1409.123657 0.000000 2797.145752 0.000000 0.223461 0.000000 -0.974713 1.222851 1.222851 1.222851
1419.111328 0.000000 2810.651123 0.000000 0.837013 0.000000 0.547183 0.855644 0.855644 0.855644
1438.562866 0.000000 2807.914307 0.000000 0.714657 0.000000 0.699475 0.820836 0.820836 0.820836
1408.235352 0.000000 2799.803223 0.000000 0.062074 0.000000 0.998072 0.682810 0.682810 0.682810
1438.261108 0.000000 2806.101562 0.000000 0.903026 0.000000 0.429587 0.904835 0.904835 0.904835
1419.369385 0.000000 2811.982910 0.000000 0.642644 0.000000 -0.766165 1.347422 1.347422 1.347422
1418.283569 0.000000 2811.517822 0.000000 0.374574 0.000000 0.927197 0.649745 0.649745 0.649745
1460.536133 0.000000 2791.676514 0.000000 0.684356 0.000000 0.729148 0.885094 0.885094 0.885094
1451.278198 0.000000 2784.500732 0.000000 0.566343 0.000000 -0.824170 1.186459 1.186459 1.186459
1463.936523 0.000000 2790.960693 0.000000 0.857294 0.000000 -0.514827 1.010839 1.010839 1.010839
1449.035522 0.000000 2785.347656 0.000000 0.733886 0.000000 0.679273 0.791235 0.791235 0.791235
1461.962769 0.000000 2789.640625 0.000000 0.825605 0.000000 0.564248 0.864808 0.864808 0.864808
1463.345825 0.000000 2788.216797 0.000000 0.392880 0.000000 0.919590 0.625589 0.625589 0.625589
1439.934814 0.000000 2806.571289 0.000000 0.729213 0.000000 0.684287 0.826181 0.826181 0.826181
1449.571289 0.000000 2783.681152 0.000000 0.638366 0.000000 -0.769733 1.154317 1.154317 1.154317
1454.783813 0.000000 2805.857910 0.000000 0.484190 0.000000 0.874963 0.513945 0.513945 0.513945
1463.691650 0.000000 2789.581299 0.000000 0.991438 0.000000 0.130577 1.017522 1.017522 1.017522
1460.764038 0.000000 2788.927734 0.000000 0.996343 0.000000 -0.085443 1.040800 1.040800 1.040800
1461.939331 0.000000 2788.339355 0.000000 0.924955 0.000000 -0.380077 1.118983 1.118983 1.118983
1454.995361 0.000000 2804.597412 0.000000 0.450457 0.000000 -0.892798 1.795664 1.795664 1.795664
1448.495605 0.000000 2784.257324 0.000000 0.090151 0.000000 -0.995928 1.592844 1.592844 1.592844
1482.303467 0.000000 2812.843506 0.000000 0.578045 0.000000 -0.816005 0.953854 0.953854 0.953854
1485.569824 0.000000 2814.987305 0.000000 0.905652 0.000000 -0.424021 1.124065 1.124065 1.124065
1482.681885 0.000000 2814.728027 0.000000 0.273739 0.000000 0.961804 0.586136 0.586136 0.586136
1483.979614 0.000000 2814.459473 0.000000 0.984683 0.000000 0.174354 0.998851 0.998851 0.998851
1532.136597 0.000000 2809.497314 0.000000 0.267680 0.000000 0.963508 0.724171 0.724171 0.724171
1524.528320 0.000000 2791.676514 0.000000 0.996843 0.000000 0.079396 0.966777 0.966777 0.966777
1517.565918 0.000000 2814.987305 0.000000 0.919874 0.000000 0.392213 0.909459 0.909459 0.909459
1530.443604 0.000000 2806.133057 0.000000 0.240309 0.000000 -0.970696 1.019555 1.019555 1.019555
1505.145630 0.000000 2808.216064 0.000000 0.176809 0.000000 -0.984245 0.983301 0.983301 0.983301
1527.928711 0.000000 2790.960693 0.000000 0.975705 0.000000 -0.219090 1.154331 1.154331 1.154331
1518.349731 0.000000 2812.944092 0.000000 0.642853 0.000000 0.765989 0.788087 0.788087 0.788087
1506.345703 0.000000 2806.464844 0.000000 0.862501 0.000000 -0.506055 1.136427 1.136427 1.136427
1516.361450 0.000000 2813.264893 0.000000 0.872611 0.000000 -0.488416 1.090312 1.090312 1.090312
1506.391968 0.000000 2809.362793 0.000000 0.815377 0.000000 -0.578930 1.294466 1.294466 1.294466
1507.207764 0.000000 2807.899414 0.000000 0.390697 0.000000 0.920519 0.733251 0.733251 0.733251
1526.364502 0.000000 2791.102295 0.000000 0.567859 0.000000 0.823126 0.697683 0.697683 0.697683
1530.699951 0.000000 2809.566895 0.000000 0.007057 0.000000 -0.999975 1.534737 1.534737 1.534737
1526.848999 0.000000 2790.194580 0.000000 0.716274 0.000000 -0.697819 1.366346 1.366346 1.366346
1333.404297 0.000000 2815.344727 0.000000 0.946698 0.000000 -0.322123 1.421834 1.421834 1.421834
1332.506470 0.000000 2815.725586 0.000000 0.847973 0.000000 -0.530039 1.587789 1.587789 1.587789
1350.699707 0.000000 2841.930176 0.000000 0.879365 0.000000 -0.476148 1.107852 1.107852 1.107852
1346.108154 0.000000 2815.474854 0.000000 0.982184 0.000000 -0.187922 1.009775 1.009775 1.009775
1348.568115 0.000000 2838.557861 0.000000 0.245367 0.000000 0.969430 0.780514 0.780514 0.780514
1358.315674 0.000000 2839.224121 0.000000 0.388339 0.000000 0.921516 0.719896 0.719896 0.719896
1358.279785 0.000000 2815.634277 0.000000 0.524022 0.000000 -0.851705 1.276593 1.276593 1.276593
1348.967407 0.000000 2816.104736 0.000000 0.999165 0.000000 -0.040865 0.973966 0.973966 0.973966
1348.192017 0.000000 2841.181885 0.000000 0.902718 0.000000 0.430234 0.898224 0.898224 0.898224
1360.104858 0.000000 2837.216553 0.000000 0.722361 0.000000 0.691516 0.880448 0.880448 0.880448
1350.798340 0.000000 2839.192383 0.000000 0.592677 0.000000 -0.805440 1.161509 1.161509 1.161509
1346.866821 0.000000 2817.542236 0.000000 0.150356 0.000000 0.988632 0.798540 0.798540 0.798540
1362.471924 0.000000 2827.633789 0.000000 0.291817 0.000000 -0.956474 1.797392 1.797392 1.797392
1349.157837 0.000000 2817.779541 0.000000 0.693895 0.000000 0.720076 0.855527 0.855527 0.855527
1359.978516 0.000000 2838.932373 0.000000 0.999946 0.000000 -0.010439 1.020299 1.020299 1.020299
1349.706177 0.000000 2840.510010 0.000000 0.737665 0.000000 -0.675167 1.357839 1.357839 1.357839
1356.534424 0.000000 2815.585938 0.000000 0.766415 0.000000 -0.642346 1.271734 1.271734 1.271734
1351.384888 0.000000 2840.636719 0.000000 0.581029 0.000000 0.813883 0.796796 0.796796 0.796796
1358.795532 0.000000 2837.850098 0.000000 0.964633 0.000000 0.263597 0.953597 0.953597 0.953597
1359.007080 0.000000 2836.589600 0.000000 0.895643 0.000000 0.444773 0.899266 0.899266 0.899266
1349.989624 0.000000 2815.458252 0.000000 0.449983 0.000000 -0.893037 1.549431 1.549431 1.549431
1363.214966 0.000000 2826.908936 0.000000 0.200968 0.000000 0.979598 0.397650 0.397650 0.397650
1407.657959 0.000000 2832.719482 0.000000 0.080633 0.000000 0.996744 0.764667 0.764667 0.764667
1407.640747 0.000000 2819.216797 0.000000 0.446698 0.000000 0.894685 0.783264 0.783264 0.783264
1404.569702 0.000000 2832.090088 0.000000 0.790882 0.000000 0.611969 0.871002 0.871002 0.871002
1406.737305 0.000000 2830.674561 0.000000 0.613814 0.000000 -0.789451 1.113527 1.113527 1.113527
1406.170776 0.000000 2818.160156 0.000000 0.110840 0.000000 0.993838 0.718130 0.718130 0.718130
1405.283447 0.000000 2830.778809 0.000000 0.288362 0.000000 0.957521 0.751705 0.751705 0.751705
1358.019531 0.000000 2851.136963 0.000000 0.996154 0.000000 0.087618 1.004611 1.004611 1.004611
1374.849487 0.000000 2848.480225 0.000000 0.166917 0.000000 0.985971 0.720789 0.720789 0.720789
1359.960327 0.000000 2851.747559 0.000000 0.996842 0.000000 0.079416 1.006938 1.006938 1.006938
1375.585938 0.000000 2849.700439 0.000000 0.795904 0.000000 0.605423 0.866175 0.866175 0.866175
1358.222168 0.000000 2848.956543 0.000000 0.982339 0.000000 -0.187109 1.120750 1.120750 1.120750
1375.935181 0.000000 2848.320801 0.000000 0.998988 0.000000 -0.044984 1.000455 1.000455 1.000455
1377.404297 0.000000 2848.926270 0.000000 0.572064 0.000000 0.820209 0.683239 0.683239 0.683239
1468.911011 0.000000 2827.062500 0.000000 0.998101 0.000000 -0.061597 1.109539 1.109539 1.109539
1471.095581 0.000000 2827.994385 0.000000 0.541891 0.000000 -0.840449 1.093181 1.093181 1.093181
1469.929443 0.000000 2827.758301 0.000000 0.633262 0.000000 0.773938 0.710050 0.710050 0.710050
1468.411011 0.000000 2826.046143 0.000000 0.464152 0.000000 -0.885756 1.542709 1.542709 1.542709
1469.951416 0.000000 2826.724121 0.000000 0.983064 0.000000 -0.183261 1.161304 1.161304 1.161304
1437.750854 0.000000 2852.431396 0.000000 0.008202 0.000000 0.999966 0.427888 0.427888 0.427888
1439.709106 0.000000 2853.312500 0.000000 0.954373 0.000000 -0.298616 1.084531 1.084531 1.084531
1436.750610 0.000000 2853.070801 0.000000 0.863924 0.000000 -0.503622 1.303407 1.303407 1.303407
1460.267822 0.000000 2859.833496 0.000000 0.959505 0.000000 -0.281691 1.118161 1.118161 1.118161
1461.541748 0.000000 2857.831055 0.000000 0.154762 0.000000 -0.987952 1.157015 1.157015 1.157015
1458.460205 0.000000 2859.625977 0.000000 0.572864 0.000000 -0.819650 1.207706 1.207706 1.207706
1460.260864 0.000000 2858.471191 0.000000 0.450479 0.000000 -0.892787 1.358894 1.358894 1.358894
1461.396484 0.000000 2859.272705 0.000000 0.878103 0.000000 0.478472 0.887279 0.887279 0.887279
1501.458740 0.000000 2822.790527 0.000000 0.998018 0.000000 -0.062929 0.925108 0.925108 0.925108
1471.945679 0.000000 2827.566162 0.000000 0.997251 0.000000 -0.074103 0.973164 0.973164 0.973164
1501.078491 0.000000 2824.698730 0.000000 0.967714 0.000000 0.252051 1.000603 1.000603 1.000603
1484.518799 0.000000 2815.585938 0.000000 0.782667 0.000000 -0.622441 1.182186 1.182186 1.182186
1482.732178 0.000000 2815.323242 0.000000 0.731922 0.000000 -0.681388 1.340203 1.340203 1.340203
1501.436401 0.000000 2825.885254 0.000000 0.692210 0.000000 0.721696 0.619979 0.619979 0.619979
1500.117798 0.000000 2824.999268 0.000000 0.691824 0.000000 0.722066 0.619610 0.619610 0.619610
1518.260254 0.000000 2815.634277 0.000000 0.910119 0.000000 0.414347 0.908114 0.908114 0.908114
1500.345459 0.000000 2850.716309 0.000000 0.149678 0.000000 -0.988735 1.261097 1.261097 1.261097
1499.992676 0.000000 2867.268066 0.000000 0.101852 0.000000 0.994800 0.803195 0.803195 0.803195
1500.314209 0.000000 2869.298096 0.000000 0.875054 0.000000 0.484026 0.890037 0.890037 0.890037
1498.669067 0.000000 2868.314941 0.000000 0.685092 0.000000 -0.728457 1.281422 1.281422 1.281422
1498.956665 0.000000 2851.335938 0.000000 0.859884 0.000000 0.510490 0.860498 0.860498 0.860498
1513.206177 0.000000 2851.718506 0.000000 0.233956 0.000000 0.972247 0.847939 0.847939 0.847939
1515.270386 0.000000 2848.485107 0.000000 0.998888 0.000000 0.047142 0.913893 0.913893 0.913893
1515.594604 0.000000 2851.406738 0.000000 0.995606 0.000000 0.093644 1.098289 1.098289 1.098289
1514.657227 0.000000 2850.045166 0.000000 0.998771 0.000000 0.049555 1.126269 1.126269 1.126269
1514.439941 0.000000 2851.201904 0.000000 0.809524 0.000000 0.587087 0.760507 0.760507 0.760507
1515.522949 0.000000 2850.461914 0.000000 0.157896 0.000000 0.987456 0.263791 0.263791 0.263791
1567.751099 0.000000 2808.671631 0.000000 0.789770 0.000000 0.613403 0.814663 0.814663 0.814663
1567.580322 0.000000 2806.618652 0.000000 0.839501 0.000000 -0.543359 1.141259 1.141259 1.141259
1566.046387 0.000000 2809.335938 0.000000 0.952208 0.000000 -0.305452 1.190889 1.190889 1.190889
1566.547241 0.000000 2807.914307 0.000000 0.471570 0.000000 -0.881828 1.258272 1.258272 1.258272
1566.245483 0.000000 2806.101562 0.000000 0.885727 0.000000 0.464207 0.896446 0.896446 0.896446
1586.411133 0.000000 2806.279053 0.000000 0.739172 0.000000 -0.673517 1.044216 1.044216 1.044216
1585.630127 0.000000 2802.844727 0.000000 0.869981 0.000000 -0.493086 0.932988 0.932988 0.932988
1584.077515 0.000000 2805.224365 0.000000 0.335337 0.000000 0.942098 0.752293 0.752293 0.752293
1567.919189 0.000000 2806.571289 0.000000 0.615317 0.000000 -0.788279 1.218506 1.218506 1.218506
1587.456787 0.000000 2807.933838 0.000000 0.276465 0.000000 0.961024 0.806444 0.806444 0.806444
1586.012817 0.000000 2804.558838 0.000000 0.744749 0.000000 0.667344 0.790671 0.790671 0.790671
1567.870483 0.000000 2809.066406 0.000000 0.620548 0.000000 0.784169 0.721266 0.721266 0.721266
1587.266602 0.000000 2804.792725 0.000000 0.200014 0.000000 0.979793 0.549029 0.549029 0.549029
1659.840454 0.000000 2780.386719 0.000000 0.401096 0.000000 -0.916036 1.490939 1.490939 1.490939
1660.594360 0.000000 2782.301270 0.000000 0.853087 0.000000 -0.521769 1.034833 1.034833 1.034833
1658.189697 0.000000 2780.311279 0.000000 0.171245 0.000000 -0.985228 1.579744 1.579744 1.579744
1659.117554 0.000000 2778.850098 0.000000 0.957615 0.000000 0.288050 0.938740 0.938740 0.938740
1662.957642 0.000000 2783.261475 0.000000 0.578671 0.000000 0.815561 0.611193 0.611193 0.611193
1658.991699 0.000000 2781.352783 0.000000 0.910975 0.000000 -0.412462 1.220440 1.220440 1.220440
1663.670898 0.000000 2782.513184 0.000000 0.386457 0.000000 0.922308 0.492296 0.492296 0.492296
1623.943848 0.000000 2794.291992 0.000000 0.882117 0.000000 0.471030 0.900601 0.900601 0.900601
1618.407227 0.000000 2806.279053 0.000000 0.385213 0.000000 0.922828 0.505432 0.505432 0.505432
1630.184204 0.000000 2804.714355 0.000000 0.706311 0.000000 -0.707902 1.114114 1.114114 1.114114
1625.998413 0.000000 2796.579834 0.000000 0.798594 0.000000 -0.601870 1.273646 1.273646 1.273646
1602.552612 0.000000 2814.145020 0.000000 0.851611 0.000000 -0.524175 1.444996 1.444996 1.444996
1629.346680 0.000000 2807.166260 0.000000 0.547462 0.000000 -0.836830 1.099767 1.099767 1.099767
1606.767090 0.000000 2807.200195 0.000000 0.125420 0.000000 -0.992104 1.069474 1.069474 1.069474
1622.556030 0.000000 2796.175049 0.000000 0.856330 0.000000 0.516430 0.878302 0.878302 0.878302
1631.572510 0.000000 2806.618652 0.000000 0.615337 0.000000 -0.788264 1.039802 1.039802 1.039802
1628.298584 0.000000 2805.313721 0.000000 0.594871 0.000000 0.803821 0.789154 0.789154 0.789154
1619.452881 0.000000 2807.933838 0.000000 0.725807 0.000000 0.687898 0.723351 0.723351 0.723351
1624.320190 0.000000 2796.114502 0.000000 0.401237 0.000000 0.915974 0.657238 0.657238 0.657238
1624.937012 0.000000 2797.864502 0.000000 0.205286 0.000000 0.978702 0.586803 0.586803 0.586803
1622.193970 0.000000 2797.573975 0.000000 0.724611 0.000000 -0.689158 1.224178 1.224178 1.224178
1606.589355 0.000000 2802.702637 0.000000 0.314230 0.000000 0.949347 0.533067 0.533067 0.533067
1619.818115 0.000000 2806.729980 0.000000 0.494574 0.000000 0.869136 0.569174 0.569174 0.569174
1623.376831 0.000000 2797.121582 0.000000 0.579340 0.000000 0.815086 0.769417 0.769417 0.769417
1618.544312 0.000000 2807.334473 0.000000 0.627640 0.000000 -0.778504 1.586552 1.586552 1.586552
1607.195068 0.000000 2803.521729 0.000000 0.838895 0.000000 0.544293 0.835392 0.835392 0.835392
1602.810425 0.000000 2814.973877 0.000000 0.965132 0.000000 0.261762 0.984891 0.984891 0.984891
1641.190552 0.000000 2787.734131 0.000000 0.347722 0.000000 0.937598 0.695054 0.695054 0.695054
1638.664551 0.000000 2809.937988 0.000000 0.189708 0.000000 0.981840 0.868177 0.868177 0.868177
1636.532959 0.000000 2806.565674 0.000000 0.853786 0.000000 0.520624 0.872955 0.872955 0.872955
1643.254761 0.000000 2784.500732 0.000000 0.559031 0.000000 -0.829147 1.050347 1.050347 1.050347
1643.578979 0.000000 2787.422363 0.000000 0.931081 0.000000 0.364813 0.914802 0.914802 0.914802
1641.012085 0.000000 2785.347656 0.000000 0.576936 0.000000 -0.816789 1.150163 1.150163 1.150163
1636.858643 0.000000 2811.439453 0.000000 0.990124 0.000000 -0.140194 1.014262 1.014262 1.014262
1638.763184 0.000000 2807.200195 0.000000 0.952229 0.000000 0.305384 0.944634 0.944634 0.944634
1631.911377 0.000000 2806.571289 0.000000 0.319981 0.000000 0.947424 0.825463 0.825463 0.825463
1661.181763 0.000000 2783.539551 0.000000 0.103892 0.000000 -0.994589 1.154051 1.154051 1.154051
1638.405518 0.000000 2811.529297 0.000000 0.775917 0.000000 0.630835 0.791501 0.791501 0.791501
1640.193481 0.000000 2786.468994 0.000000 0.689808 0.000000 -0.723993 1.244239 1.244239 1.244239
1636.505005 0.000000 2807.841553 0.000000 0.554725 0.000000 0.832034 0.744874 0.744874 0.744874
1641.490967 0.000000 2786.522217 0.000000 0.997605 0.000000 0.069175 1.005933 1.005933 1.005933
1639.233276 0.000000 2806.082031 0.000000 0.744901 0.000000 -0.667175 1.272342 1.272342 1.272342
1662.654175 0.000000 2783.469238 0.000000 0.994286 0.000000 0.106747 1.068163 1.068163 1.068163
1677.980469 0.000000 2787.152588 0.000000 0.575238 0.000000 -0.817986 1.380288 1.380288 1.380288
1675.250854 0.000000 2784.500732 0.000000 0.961681 0.000000 0.274170 0.920305 0.920305 0.920305
1674.053833 0.000000 2796.476318 0.000000 0.219869 0.000000 -0.975529 1.242679 1.242679 1.242679
1677.024536 0.000000 2785.357910 0.000000 0.947447 0.000000 -0.319912 1.138478 1.138478 1.138478
1675.431763 0.000000 2795.839844 0.000000 0.819634 0.000000 -0.572887 1.381638 1.381638 1.381638
1675.137817 0.000000 2797.477295 0.000000 0.728760 0.000000 0.684770 0.847810 0.847810 0.847810
1676.495605 0.000000 2786.557861 0.000000 0.180694 0.000000 0.983539 0.578238 0.578238 0.578238
1674.185913 0.000000 2795.223877 0.000000 0.837148 0.000000 -0.546976 1.367138 1.367138 1.367138
1676.846558 0.000000 2787.765625 0.000000 0.741843 0.000000 0.670574 0.801773 0.801773 0.801773
1677.878296 0.000000 2786.048584 0.000000 0.191716 0.000000 -0.981450 1.523811 1.523811 1.523811
1675.128296 0.000000 2794.723145 0.000000 0.652043 0.000000 0.758182 0.699876 0.699876 0.699876
1539.778198 0.000000 2826.012451 0.000000 0.975357 0.000000 -0.220632 0.921903 0.921903 0.921903
1566.637329 0.000000 2825.980713 0.000000 0.928702 0.000000 -0.370828 1.141364 1.141364 1.141364
1541.836060 0.000000 2824.186523 0.000000 0.372578 0.000000 -0.928001 1.088573 1.088573 1.088573
1567.083862 0.000000 2827.994385 0.000000 0.386081 0.000000 -0.922465 1.244821 1.244821 1.244821
1540.897583 0.000000 2826.815674 0.000000 0.874350 0.000000 -0.485296 1.399338 1.399338 1.399338
1567.933960 0.000000 2827.566162 0.000000 0.699293 0.000000 -0.714835 1.165638 1.165638 1.165638
1582.628662 0.000000 2823.501953 0.000000 0.167452 0.000000 0.985880 0.718272 0.718272 0.718272
1581.789307 0.000000 2825.331787 0.000000 0.827033 0.000000 -0.562153 1.051933 1.051933 1.051933
1580.946777 0.000000 2823.883301 0.000000 0.780347 0.000000 -0.625347 1.051285 1.051285 1.051285
1567.830444 0.000000 2824.810303 0.000000 0.625936 0.000000 -0.779875 1.289814 1.289814 1.289814
1583.480713 0.000000 2824.880127 0.000000 0.886349 0.000000 0.463018 0.896072 0.896072 0.896072
1597.260010 0.000000 2830.778809 0.000000 0.490680 0.000000 -0.871340 1.715858 1.715858 1.715858
1596.349854 0.000000 2831.156006 0.000000 0.999489 0.000000 -0.031974 1.148280 1.148280 1.148280
1567.933960 0.000000 2859.558350 0.000000 0.031402 0.000000 -0.999507 0.956275 0.956275 0.956275
1584.077515 0.000000 2869.208740 0.000000 0.251768 0.000000 0.967788 0.577731 0.577731 0.577731
1569.340088 0.000000 2857.572266 0.000000 0.998627 0.000000 0.052392 1.038084 1.038084 1.038084
1586.012817 0.000000 2868.543213 0.000000 0.829375 0.000000 -0.558692 1.148345 1.148345 1.148345
1569.165894 0.000000 2858.930664 0.000000 0.171696 0.000000 -0.985150 1.332033 1.332033 1.332033
1568.052856 0.000000 2858.143311 0.000000 0.538752 0.000000 -0.842464 1.240236 1.240236 1.240236
1569.559692 0.000000 2856.174316 0.000000 0.960894 0.000000 0.276918 0.958044 0.958044 0.958044
1584.879150 0.000000 2868.485596 0.000000 0.401507 0.000000 -0.915856 1.490773 1.490773 1.490773
1610.287842 0.000000 2844.835693 0.000000 0.746393 0.000000 -0.665505 1.113594 1.113594 1.113594
1602.076904 0.000000 2815.474854 0.000000 0.459806 0.000000 0.888019 0.518262 0.518262 0.518262
1622.013184 0.000000 2844.112061 0.000000 0.902352 0.000000 -0.431000 1.215311 1.215311 1.215311
1612.509644 0.000000 2843.243408 0.000000 0.934616 0.000000 0.355657 0.915303 0.915303 0.915303
1628.891479 0.000000 2827.062500 0.000000 0.640935 0.000000 0.767595 0.836681 0.836681 0.836681
1623.976074 0.000000 2843.922607 0.000000 0.136273 0.000000 0.990671 0.584642 0.584642 0.584642
1629.062866 0.000000 2824.698730 0.000000 0.195090 0.000000 0.980785 0.509849 0.509849 0.509849
1611.087891 0.000000 2842.643311 0.000000 0.072355 0.000000 -0.997379 1.458515 1.458515 1.458515
1622.985596 0.000000 2842.780029 0.000000 0.407359 0.000000 0.913268 0.675385 0.675385 0.675385
1623.501343 0.000000 2845.302490 0.000000 0.779902 0.000000 -0.625902 1.296933 1.296933 1.296933
1603.556519 0.000000 2815.501953 0.000000 0.957616 0.000000 0.288049 0.969485 0.969485 0.969485
1611.345947 0.000000 2843.975098 0.000000 0.886370 0.000000 0.462978 0.893117 0.893117 0.893117
1629.420776 0.000000 2825.885254 0.000000 0.661356 0.000000 0.750072 0.728610 0.728610 0.728610
1622.346802 0.000000 2845.141846 0.000000 1.000000 0.000000 0.000932 1.057317 1.057317 1.057317
1628.102173 0.000000 2824.999268 0.000000 0.528494 0.000000 -0.848937 1.502662 1.502662 1.502662
1643.287598 0.000000 2831.028320 0.000000 0.612774 0.000000 0.790258 0.806631 0.806631 0.806631
1631.926147 0.000000 2827.566162 0.000000 0.579420 0.000000 -0.815029 1.030097 1.030097 1.030097
1640.489380 0.000000 2831.119141 0.000000 0.920302 0.000000 0.391210 0.912477 0.912477 0.912477
1636.680054 0.000000 2828.316650 0.000000 0.835470 0.000000 -0.549535 1.402438 1.402438 1.402438
1633.096313 0.000000 2829.137939 0.000000 0.076949 0.000000 0.997035 0.619637 0.619637 0.619637
1641.924561 0.000000 2830.309814 0.000000 0.868242 0.000000 -0.496141 1.339507 1.339507 1.339507
1637.911377 0.000000 2829.223633 0.000000 0.511422 0.000000 -0.859330 1.628333 1.628333 1.628333
1636.554321 0.000000 2829.800049 0.000000 0.898185 0.000000 0.439618 0.884359 0.884359 0.884359
1633.158081 0.000000 2826.938477 0.000000 0.555935 0.000000 0.831226 0.669424 0.669424 0.669424
1632.045044 0.000000 2826.151123 0.000000 0.683596 0.000000 -0.729861 1.428770 1.428770 1.428770
1603.100220 0.000000 2862.097656 0.000000 0.554211 0.000000 0.832376 0.839800 0.839800 0.839800
1605.721680 0.000000 2862.750488 0.000000 0.894696 0.000000 0.446675 0.897836 0.897836 0.897836
1603.670654 0.000000 2864.518799 0.000000 0.826730 0.000000 0.562598 0.892887 0.892887 0.892887
1621.000000 0.000000 2874.271729 0.000000 0.012533 0.000000 0.999921 0.325288 0.325288 0.325288
1619.852905 0.000000 2875.750732 0.000000 0.525741 0.000000 0.850645 0.800013 0.800013 0.800013
1604.944214 0.000000 2865.953369 0.000000 0.293379 0.000000 -0.955996 1.214615 1.214615 1.214615
1621.291016 0.000000 2872.717529 0.000000 0.629180 0.000000 -0.777259 1.096538 1.096538 1.096538
1605.232910 0.000000 2864.353516 0.000000 0.641661 0.000000 0.766988 0.828822 0.828822 0.828822
1604.086548 0.000000 2863.156494 0.000000 0.836236 0.000000 0.548370 0.863292 0.863292 0.863292
1621.012207 0.000000 2875.466553 0.000000 0.889962 0.000000 0.456035 0.874403 0.874403 0.874403
1621.957031 0.000000 2875.004395 0.000000 0.898124 0.000000 -0.439743 1.344607 1.344607 1.344607
1648.611450 0.000000 2859.922363 0.000000 0.743049 0.000000 0.669237 0.824024 0.824024 0.824024
1649.927734 0.000000 2858.389160 0.000000 0.997690 0.000000 -0.067931 1.045885 1.045885 1.045885
1648.661499 0.000000 2861.224365 0.000000 0.042555 0.000000 -0.999094 1.383950 1.383950 1.383950
1599.617310 0.000000 2883.201172 0.000000 0.912245 0.000000 -0.409645 1.124877 1.124877 1.124877
1596.333740 0.000000 2882.708496 0.000000 0.999581 0.000000 0.028935 1.063719 1.063719 1.063719
1598.147339 0.000000 2882.144531 0.000000 0.939125 0.000000 0.343576 0.928542 0.928542 0.928542
1596.512573 0.000000 2883.883545 0.000000 0.611994 0.000000 0.790863 0.710413 0.710413 0.710413
1597.485840 0.000000 2883.190186 0.000000 0.128023 0.000000 0.991771 0.498334 0.498334 0.498334
1691.969238 0.000000 2867.268066 0.000000 0.937651 0.000000 0.347580 0.932883 0.932883 0.932883
1673.334106 0.000000 2854.237305 0.000000 0.493261 0.000000 0.869881 0.715974 0.715974 0.715974
1672.103027 0.000000 2866.823486 0.000000 0.400220 0.000000 -0.916419 1.250319 1.250319 1.250319
1673.991455 0.000000 2864.561035 0.000000 0.981864 0.000000 0.189585 0.996081 0.996081 0.996081
1672.474609 0.000000 2865.229004 0.000000 0.682689 0.000000 -0.730709 1.384420 1.384420 1.384420
1672.231567 0.000000 2853.050049 0.000000 0.991751 0.000000 0.128178 0.992271 0.992271 0.992271
1690.403198 0.000000 2866.983154 0.000000 0.142072 0.000000 0.989856 0.249786 0.249786 0.249786
1672.159790 0.000000 2854.882568 0.000000 0.836474 0.000000 -0.548006 1.216314 1.216314 1.216314
1672.940674 0.000000 2864.204102 0.000000 0.931577 0.000000 -0.363544 1.212456 1.212456 1.212456
1691.334351 0.000000 2866.457031 0.000000 0.972344 0.000000 -0.233553 1.308859 1.308859 1.308859
1691.079590 0.000000 2867.551758 0.000000 0.598882 0.000000 -0.800837 1.749911 1.749911 1.749911
1715.636963 0.000000 2877.814941 0.000000 0.712069 0.000000 -0.702110 1.122477 1.122477 1.122477
1717.102173 0.000000 2877.327637 0.000000 0.962401 0.000000 -0.271631 1.152969 1.152969 1.152969
1716.110229 0.000000 2876.817871 0.000000 0.062926 0.000000 -0.998018 1.585404 1.585404 1.585404
"}
